%%MatrixMarket matrix coordinate real general
% file created by pysparse module
75 75 164
1 49 5.0e-001
1 50 5.0e-001
1 51 5.0e-001
1 52 5.0e-001
1 53 5.0e-001
1 54 5.0e-001
1 55 5.0e-001
1 56 5.0e-001
1 57 5.0e-001
1 58 5.0e-001
1 59 5.0e-001
1 60 5.0e-001
1 61 5.0e-001
1 62 5.0e-001
1 63 5.0e-001
1 64 5.0e-001
1 65 5.0e-001
1 66 5.0e-001
1 68 5.0e-001
1 69 5.0e-001
1 70 5.0e-001
1 71 5.0e-001
1 72 5.0e-001
1 73 5.0e-001
1 74 5.0e-001
1 75 5.0e-001
49 1 1.8e-002
49 69 2.9e-002
49 70 2.9e-002
50 1 2.7e-002
50 69 2.9e-002
50 70 2.9e-002
50 71 3.8e-002
51 1 2.7e-002
51 69 2.9e-002
51 70 2.9e-002
51 71 3.8e-002
52 1 2.7e-002
52 69 2.9e-002
52 70 2.9e-002
52 71 3.8e-002
53 1 2.7e-002
53 69 2.9e-002
53 70 2.9e-002
53 71 3.8e-002
54 1 2.7e-002
54 69 2.9e-002
54 70 2.9e-002
54 71 3.8e-002
55 1 2.7e-002
55 69 2.9e-002
55 70 2.9e-002
55 71 3.8e-002
56 1 2.7e-002
56 69 2.9e-002
56 70 2.9e-002
56 71 3.8e-002
57 1 2.7e-002
57 69 2.9e-002
57 70 2.9e-002
57 71 3.8e-002
58 1 1.8e-002
58 69 2.9e-002
58 70 2.9e-002
59 1 2.7e-002
59 69 2.9e-002
59 70 2.9e-002
59 72 5.0e-001
60 1 3.6e-002
60 69 2.9e-002
60 70 2.9e-002
60 71 3.8e-002
60 73 8.3e-002
61 1 3.6e-002
61 69 2.9e-002
61 70 2.9e-002
61 71 3.8e-002
61 73 8.3e-002
62 1 3.6e-002
62 69 2.9e-002
62 70 2.9e-002
62 71 3.8e-002
62 73 8.3e-002
63 1 3.6e-002
63 69 2.9e-002
63 70 2.9e-002
63 71 3.8e-002
63 73 8.3e-002
64 1 3.6e-002
64 69 2.9e-002
64 70 2.9e-002
64 71 3.8e-002
64 73 8.3e-002
65 1 2.7e-002
65 69 2.9e-002
65 70 2.9e-002
65 73 8.3e-002
66 1 8.9e-003
66 74 5.0e-001
68 1 8.9e-003
68 75 5.0e-001
69 1 1.5e-001
69 49 2.5e-001
69 50 1.7e-001
69 51 1.7e-001
69 52 1.7e-001
69 53 1.7e-001
69 54 1.7e-001
69 55 1.7e-001
69 56 1.7e-001
69 57 1.7e-001
69 58 2.5e-001
69 59 1.7e-001
69 60 1.3e-001
69 61 1.3e-001
69 62 1.3e-001
69 63 1.3e-001
69 64 1.3e-001
69 65 1.7e-001
70 1 1.5e-001
70 49 2.5e-001
70 50 1.7e-001
70 51 1.7e-001
70 52 1.7e-001
70 53 1.7e-001
70 54 1.7e-001
70 55 1.7e-001
70 56 1.7e-001
70 57 1.7e-001
70 58 2.5e-001
70 59 1.7e-001
70 60 1.3e-001
70 61 1.3e-001
70 62 1.3e-001
70 63 1.3e-001
70 64 1.3e-001
70 65 1.7e-001
71 1 1.2e-001
71 50 1.7e-001
71 51 1.7e-001
71 52 1.7e-001
71 53 1.7e-001
71 54 1.7e-001
71 55 1.7e-001
71 56 1.7e-001
71 57 1.7e-001
71 60 1.3e-001
71 61 1.3e-001
71 62 1.3e-001
71 63 1.3e-001
71 64 1.3e-001
72 1 8.9e-003
72 59 1.7e-001
73 1 5.4e-002
73 60 1.3e-001
73 61 1.3e-001
73 62 1.3e-001
73 63 1.3e-001
73 64 1.3e-001
73 65 1.7e-001
74 1 8.9e-003
74 66 5.0e-001
75 1 8.9e-003
75 68 5.0e-001
