P 50, SUM = 0.994667 : [ 0.00533333  0.00533333  0.00533333  0.00533333  0.00533333  0.00533333
  0.00533333  0.00533333  0.00533333  0.00533333  0.00533333  0.00533333
  0.00533333  0.00533333  0.00533333  0.00533333  0.00533333  0.00533333
  0.00533333  0.00533333  0.00533333  0.00533333  0.00533333  0.00533333
  0.00533333  0.00533333  0.00533333  0.00533333  0.00533333  0.00533333
  0.00533333  0.00533333  0.00533333  0.00533333  0.00533333  0.00533333
  0.00533333  0.00533333  0.00533333  0.00533333  0.00533333  0.00533333
  0.00533333  0.00533333  0.00533333  0.00533333  0.00533333  0.00533333
  0.00533333  0.00533333  0.00533333  0.00533333  0.00533333  0.00533333
  0.00533333  0.00533333  0.00533333  0.00533333  0.00533333  0.00533333
  0.00533333  0.00533333  0.00533333  0.00533333  0.00533333  0.00533333
  0.00533333  0.00533333  0.00533333  0.00533333  0.00533333  0.00533333
  0.00533333  0.00533333  0.6       ]
50, SUM = 1.000000 : [ 0.01333333  0.01333333  0.01333333  0.01333333  0.01333333  0.01333333
  0.01333333  0.01333333  0.01333333  0.01333333  0.01333333  0.01333333
  0.01333333  0.01333333  0.01333333  0.01333333  0.01333333  0.01333333
  0.01333333  0.01333333  0.01333333  0.01333333  0.01333333  0.01333333
  0.01333333  0.01333333  0.01333333  0.01333333  0.01333333  0.01333333
  0.01333333  0.01333333  0.01333333  0.01333333  0.01333333  0.01333333
  0.01333333  0.01333333  0.01333333  0.01333333  0.01333333  0.01333333
  0.01333333  0.01333333  0.01333333  0.01333333  0.01333333  0.01333333
  0.01333333  0.01333333  0.01333333  0.01333333  0.01333333  0.01333333
  0.01333333  0.01333333  0.01333333  0.01333333  0.01333333  0.01333333
  0.01333333  0.01333333  0.01333333  0.01333333  0.01333333  0.01333333
  0.01333333  0.01333333  0.01333333  0.01333333  0.01333333  0.01333333
  0.01333333  0.01333333  0.01333333]
49, SUM = 0.518667 : [ 0.13133333  0.00133333  0.00133333  0.00133333  0.00133333  0.00133333
  0.00133333  0.00133333  0.00133333  0.00133333  0.00133333  0.00133333
  0.00133333  0.00133333  0.00133333  0.00133333  0.00133333  0.00133333
  0.00133333  0.00133333  0.00133333  0.00133333  0.00133333  0.00133333
  0.00133333  0.00133333  0.00133333  0.00133333  0.00133333  0.00133333
  0.00133333  0.00133333  0.00133333  0.00133333  0.00133333  0.00133333
  0.00133333  0.00133333  0.00133333  0.00133333  0.00133333  0.00133333
  0.00133333  0.00133333  0.00133333  0.00133333  0.00133333  0.00133333
  0.00210014  0.00257404  0.00257404  0.00257404  0.00257404  0.00257404
  0.00257404  0.00257404  0.00257404  0.00210014  0.00718943  0.00349666
  0.00349666  0.00349666  0.00349666  0.00349666  0.00302276  0.00642262
  0.00133333  0.00642262  0.03076786  0.03076786  0.02207738  0.00308929
  0.00978571  0.00642262  0.15508929]
48, SUM = 0.589667 : [ 0.12258333  0.00133333  0.00133333  0.00133333  0.00133333  0.00133333
  0.00133333  0.00133333  0.00133333  0.00133333  0.00133333  0.00133333
  0.00133333  0.00133333  0.00133333  0.00133333  0.00133333  0.00133333
  0.00133333  0.00133333  0.00133333  0.00133333  0.00133333  0.00133333
  0.00133333  0.00133333  0.00133333  0.00133333  0.00133333  0.00133333
  0.00133333  0.00133333  0.00133333  0.00133333  0.00133333  0.00133333
  0.00133333  0.00133333  0.00133333  0.00133333  0.00133333  0.00133333
  0.00133333  0.00133333  0.00133333  0.00133333  0.00133333  0.00133333
  0.00444967  0.00596598  0.00596598  0.00596598  0.00596598  0.00596598
  0.00596598  0.00596598  0.00596598  0.00444967  0.00648761  0.00745705
  0.00745705  0.00745705  0.00745705  0.00745705  0.00594074  0.00462128
  0.00133333  0.06037128  0.0225614   0.0225614   0.01697947  0.00311148
  0.00862702  0.00462128  0.15328795]
47, SUM = 0.642917 : [ 0.15248958  0.00133333  0.00133333  0.00133333  0.00133333  0.00133333
  0.00133333  0.00133333  0.00133333  0.00133333  0.00133333  0.00133333
  0.00133333  0.00133333  0.00133333  0.00133333  0.00133333  0.00133333
  0.00133333  0.00133333  0.00133333  0.00133333  0.00133333  0.00133333
  0.00133333  0.00133333  0.00133333  0.00133333  0.00133333  0.00133333
  0.00133333  0.00133333  0.00133333  0.00133333  0.00133333  0.00133333
  0.00133333  0.00133333  0.00133333  0.00133333  0.00133333  0.00133333
  0.00133333  0.00133333  0.00133333  0.00133333  0.00133333  0.00133333
  0.00397043  0.00528109  0.00528109  0.00528109  0.00528109  0.00528109
  0.00528109  0.00528109  0.00528109  0.00397043  0.0059581   0.00664115
  0.00664115  0.00664115  0.00664115  0.00664115  0.00533049  0.00388718
  0.00133333  0.05963718  0.02797177  0.02797177  0.02146612  0.00296516
  0.01049664  0.00388718  0.1734601 ]
46, SUM = 0.682854 : [ 0.16124349  0.00133333  0.00133333  0.00133333  0.00133333  0.00133333
  0.00133333  0.00133333  0.00133333  0.00133333  0.00133333  0.00133333
  0.00133333  0.00133333  0.00133333  0.00133333  0.00133333  0.00133333
  0.00133333  0.00133333  0.00133333  0.00133333  0.00133333  0.00133333
  0.00133333  0.00133333  0.00133333  0.00133333  0.00133333  0.00133333
  0.00133333  0.00133333  0.00133333  0.00133333  0.00133333  0.00133333
  0.00133333  0.00133333  0.00133333  0.00133333  0.00133333  0.00133333
  0.00133333  0.00133333  0.00133333  0.00133333  0.00133333  0.00133333
  0.00460965  0.00625     0.00625     0.00625     0.00625     0.00625
  0.00625     0.00625     0.00625     0.00460965  0.00674272  0.00792718
  0.00792718  0.00792718  0.00792718  0.00792718  0.00628683  0.00381216
  0.00133333  0.06740201  0.02998676  0.02998676  0.02300223  0.00309923
  0.0112395   0.00381216  0.17338508]
45, SUM = 0.712807 : [ 0.17293734  0.00133333  0.00133333  0.00133333  0.00133333  0.00133333
  0.00133333  0.00133333  0.00133333  0.00133333  0.00133333  0.00133333
  0.00133333  0.00133333  0.00133333  0.00133333  0.00133333  0.00133333
  0.00133333  0.00133333  0.00133333  0.00133333  0.00133333  0.00133333
  0.00133333  0.00133333  0.00133333  0.00133333  0.00133333  0.00133333
  0.00133333  0.00133333  0.00133333  0.00133333  0.00133333  0.00133333
  0.00133333  0.00133333  0.00133333  0.00133333  0.00133333  0.00133333
  0.00133333  0.00133333  0.00133333  0.00133333  0.00133333  0.00133333
  0.00481579  0.00655907  0.00655907  0.00655907  0.00655907  0.00655907
  0.00655907  0.00655907  0.00655907  0.00481579  0.00705776  0.0083413
  0.0083413   0.0083413   0.0083413   0.0083413   0.00659801  0.00384265
  0.00133333  0.06743249  0.03301236  0.03301236  0.02533602  0.00325593
  0.01231359  0.00384265  0.17635551]
44, SUM = 0.735272 : [ 0.17978457  0.00133333  0.00133333  0.00133333  0.00133333  0.00133333
  0.00133333  0.00133333  0.00133333  0.00133333  0.00133333  0.00133333
  0.00133333  0.00133333  0.00133333  0.00133333  0.00133333  0.00133333
  0.00133333  0.00133333  0.00133333  0.00133333  0.00133333  0.00133333
  0.00133333  0.00133333  0.00133333  0.00133333  0.00133333  0.00133333
  0.00133333  0.00133333  0.00133333  0.00133333  0.00133333  0.00133333
  0.00133333  0.00133333  0.00133333  0.00133333  0.00133333  0.00133333
  0.00133333  0.00133333  0.00133333  0.00133333  0.00133333  0.00133333
  0.00510589  0.0069948   0.0069948   0.0069948   0.0069948   0.0069948
  0.0069948   0.0069948   0.0069948   0.00510589  0.00748492  0.00892246
  0.00892246  0.00892246  0.00892246  0.00892246  0.00703355  0.00393239
  0.00133333  0.06862471  0.03500234  0.03500234  0.0268572   0.00337362
  0.01301644  0.00393239  0.17644525]
43, SUM = 0.752121 : [ 0.18564117  0.00133333  0.00133333  0.00133333  0.00133333  0.00133333
  0.00133333  0.00133333  0.00133333  0.00133333  0.00133333  0.00133333
  0.00133333  0.00133333  0.00133333  0.00133333  0.00133333  0.00133333
  0.00133333  0.00133333  0.00133333  0.00133333  0.00133333  0.00133333
  0.00133333  0.00133333  0.00133333  0.00133333  0.00133333  0.00133333
  0.00133333  0.00133333  0.00133333  0.00133333  0.00133333  0.00133333
  0.00133333  0.00133333  0.00133333  0.00133333  0.00133333  0.00133333
  0.00133333  0.00133333  0.00133333  0.00133333  0.00133333  0.00133333
  0.00528538  0.00726402  0.00726402  0.00726402  0.00726402  0.00726402
  0.00726402  0.00726402  0.00726402  0.00528538  0.0077544   0.00928147
  0.00928147  0.00928147  0.00928147  0.00928147  0.00730283  0.00401189
  0.00133333  0.06870422  0.03670659  0.03670659  0.02816142  0.00347286
  0.01361842  0.00401189  0.17693818]
42, SUM = 0.764757 : [ 0.18976318  0.00133333  0.00133333  0.00133333  0.00133333  0.00133333
  0.00133333  0.00133333  0.00133333  0.00133333  0.00133333  0.00133333
  0.00133333  0.00133333  0.00133333  0.00133333  0.00133333  0.00133333
  0.00133333  0.00133333  0.00133333  0.00133333  0.00133333  0.00133333
  0.00133333  0.00133333  0.00133333  0.00133333  0.00133333  0.00133333
  0.00133333  0.00133333  0.00133333  0.00133333  0.00133333  0.00133333
  0.00133333  0.00133333  0.00133333  0.00133333  0.00133333  0.00133333
  0.00133333  0.00133333  0.00133333  0.00133333  0.00133333  0.00133333
  0.00543901  0.00749449  0.00749449  0.00749449  0.00749449  0.00749449
  0.00749449  0.00749449  0.00749449  0.00543901  0.00798446  0.00958877
  0.00958877  0.00958877  0.00958877  0.00958877  0.00753329  0.00408093
  0.00133333  0.06892828  0.03794548  0.03794548  0.02910877  0.00354577
  0.01405567  0.00408093  0.17700721]
41, SUM = 0.774235 : [ 0.19295611  0.00133333  0.00133333  0.00133333  0.00133333  0.00133333
  0.00133333  0.00133333  0.00133333  0.00133333  0.00133333  0.00133333
  0.00133333  0.00133333  0.00133333  0.00133333  0.00133333  0.00133333
  0.00133333  0.00133333  0.00133333  0.00133333  0.00133333  0.00133333
  0.00133333  0.00133333  0.00133333  0.00133333  0.00133333  0.00133333
  0.00133333  0.00133333  0.00133333  0.00133333  0.00133333  0.00133333
  0.00133333  0.00133333  0.00133333  0.00133333  0.00133333  0.00133333
  0.00133333  0.00133333  0.00133333  0.00133333  0.00133333  0.00133333
  0.00554887  0.00765928  0.00765928  0.00765928  0.00765928  0.00765928
  0.00765928  0.00765928  0.00765928  0.00554887  0.00814927  0.0098085
  0.0098085   0.0098085   0.0098085   0.0098085   0.00769808  0.00413442
  0.00133333  0.06898177  0.03890441  0.03890441  0.02984212  0.00360213
  0.01439415  0.00413442  0.17711884]
40, SUM = 0.781343 : [ 0.19531277  0.00133333  0.00133333  0.00133333  0.00133333  0.00133333
  0.00133333  0.00133333  0.00133333  0.00133333  0.00133333  0.00133333
  0.00133333  0.00133333  0.00133333  0.00133333  0.00133333  0.00133333
  0.00133333  0.00133333  0.00133333  0.00133333  0.00133333  0.00133333
  0.00133333  0.00133333  0.00133333  0.00133333  0.00133333  0.00133333
  0.00133333  0.00133333  0.00133333  0.00133333  0.00133333  0.00133333
  0.00133333  0.00133333  0.00133333  0.00133333  0.00133333  0.00133333
  0.00133333  0.00133333  0.00133333  0.00133333  0.00133333  0.00133333
  0.00563394  0.00778689  0.00778689  0.00778689  0.00778689  0.00778689
  0.00778689  0.00778689  0.00778689  0.00563394  0.00827685  0.00997864
  0.00997864  0.00997864  0.00997864  0.00997864  0.00782569  0.00417586
  0.00133333  0.06904502  0.03961808  0.03961808  0.03038787  0.00364411
  0.01464603  0.00417586  0.17716028]
39, SUM = 0.786674 : [ 0.19709453  0.00133333  0.00133333  0.00133333  0.00133333  0.00133333
  0.00133333  0.00133333  0.00133333  0.00133333  0.00133333  0.00133333
  0.00133333  0.00133333  0.00133333  0.00133333  0.00133333  0.00133333
  0.00133333  0.00133333  0.00133333  0.00133333  0.00133333  0.00133333
  0.00133333  0.00133333  0.00133333  0.00133333  0.00133333  0.00133333
  0.00133333  0.00133333  0.00133333  0.00133333  0.00133333  0.00133333
  0.00133333  0.00133333  0.00133333  0.00133333  0.00133333  0.00133333
  0.00133333  0.00133333  0.00133333  0.00133333  0.00133333  0.00133333
  0.00569699  0.00788146  0.00788146  0.00788146  0.00788146  0.00788146
  0.00788146  0.00788146  0.00788146  0.00569699  0.00837142  0.01010473
  0.01010473  0.01010473  0.01010473  0.01010473  0.00792026  0.00420718
  0.00133333  0.06907634  0.04015751  0.04015751  0.03080038  0.00367584
  0.01483642  0.00420718  0.17719978]
38, SUM = 0.790672 : [ 0.1984255   0.00133333  0.00133333  0.00133333  0.00133333  0.00133333
  0.00133333  0.00133333  0.00133333  0.00133333  0.00133333  0.00133333
  0.00133333  0.00133333  0.00133333  0.00133333  0.00133333  0.00133333
  0.00133333  0.00133333  0.00133333  0.00133333  0.00133333  0.00133333
  0.00133333  0.00133333  0.00133333  0.00133333  0.00133333  0.00133333
  0.00133333  0.00133333  0.00133333  0.00133333  0.00133333  0.00133333
  0.00133333  0.00133333  0.00133333  0.00133333  0.00133333  0.00133333
  0.00133333  0.00133333  0.00133333  0.00133333  0.00133333  0.00133333
  0.00574465  0.00795295  0.00795295  0.00795295  0.00795295  0.00795295
  0.00795295  0.00795295  0.00795295  0.00574465  0.00844292  0.01020005
  0.01020005  0.01020005  0.01020005  0.01020005  0.00799175  0.00423085
  0.00133333  0.06910308  0.04056131  0.04056131  0.03110917  0.00369959
  0.01497894  0.00423085  0.17722346]
37, SUM = 0.793671 : [ 0.19942573  0.00133333  0.00133333  0.00133333  0.00133333  0.00133333
  0.00133333  0.00133333  0.00133333  0.00133333  0.00133333  0.00133333
  0.00133333  0.00133333  0.00133333  0.00133333  0.00133333  0.00133333
  0.00133333  0.00133333  0.00133333  0.00133333  0.00133333  0.00133333
  0.00133333  0.00133333  0.00133333  0.00133333  0.00133333  0.00133333
  0.00133333  0.00133333  0.00133333  0.00133333  0.00133333  0.00133333
  0.00133333  0.00133333  0.00133333  0.00133333  0.00133333  0.00133333
  0.00133333  0.00133333  0.00133333  0.00133333  0.00133333  0.00133333
  0.00578029  0.00800641  0.00800641  0.00800641  0.00800641  0.00800641
  0.00800641  0.00800641  0.00800641  0.00578029  0.00849638  0.01027133
  0.01027133  0.01027133  0.01027133  0.01027133  0.00804521  0.00424865
  0.00133333  0.06912087  0.04086475  0.04086475  0.03134121  0.00371744
  0.01508603  0.00424865  0.1772424 ]
36, SUM = 0.795920 : [ 0.20017515  0.00133333  0.00133333  0.00133333  0.00133333  0.00133333
  0.00133333  0.00133333  0.00133333  0.00133333  0.00133333  0.00133333
  0.00133333  0.00133333  0.00133333  0.00133333  0.00133333  0.00133333
  0.00133333  0.00133333  0.00133333  0.00133333  0.00133333  0.00133333
  0.00133333  0.00133333  0.00133333  0.00133333  0.00133333  0.00133333
  0.00133333  0.00133333  0.00133333  0.00133333  0.00133333  0.00133333
  0.00133333  0.00133333  0.00133333  0.00133333  0.00133333  0.00133333
  0.00133333  0.00133333  0.00133333  0.00133333  0.00133333  0.00133333
  0.00580707  0.00804658  0.00804658  0.00804658  0.00804658  0.00804658
  0.00804658  0.00804658  0.00804658  0.00580707  0.00853655  0.0103249
  0.0103249   0.0103249   0.0103249   0.0103249   0.00808539  0.00426202
  0.00133333  0.06913467  0.04109222  0.04109222  0.03151515  0.00373082
  0.01516631  0.00426202  0.17725577]
35, SUM = 0.797606 : [ 0.2007375   0.00133333  0.00133333  0.00133333  0.00133333  0.00133333
  0.00133333  0.00133333  0.00133333  0.00133333  0.00133333  0.00133333
  0.00133333  0.00133333  0.00133333  0.00133333  0.00133333  0.00133333
  0.00133333  0.00133333  0.00133333  0.00133333  0.00133333  0.00133333
  0.00133333  0.00133333  0.00133333  0.00133333  0.00133333  0.00133333
  0.00133333  0.00133333  0.00133333  0.00133333  0.00133333  0.00133333
  0.00133333  0.00133333  0.00133333  0.00133333  0.00133333  0.00133333
  0.00133333  0.00133333  0.00133333  0.00133333  0.00133333  0.00133333
  0.00582714  0.00807669  0.00807669  0.00807669  0.00807669  0.00807669
  0.00807669  0.00807669  0.00807669  0.00582714  0.00856666  0.01036505
  0.01036505  0.01036505  0.01036505  0.01036505  0.0081155   0.00427205
  0.00133333  0.0691447   0.0412629   0.0412629   0.03164568  0.00374086
  0.01522656  0.00427205  0.17726596]
34, SUM = 0.798871 : [ 0.20115916  0.00133333  0.00133333  0.00133333  0.00133333  0.00133333
  0.00133333  0.00133333  0.00133333  0.00133333  0.00133333  0.00133333
  0.00133333  0.00133333  0.00133333  0.00133333  0.00133333  0.00133333
  0.00133333  0.00133333  0.00133333  0.00133333  0.00133333  0.00133333
  0.00133333  0.00133333  0.00133333  0.00133333  0.00133333  0.00133333
  0.00133333  0.00133333  0.00133333  0.00133333  0.00133333  0.00133333
  0.00133333  0.00133333  0.00133333  0.00133333  0.00133333  0.00133333
  0.00133333  0.00133333  0.00133333  0.00133333  0.00133333  0.00133333
  0.0058422   0.00809928  0.00809928  0.00809928  0.00809928  0.00809928
  0.00809928  0.00809928  0.00809928  0.0058422   0.00858925  0.01039517
  0.01039517  0.01039517  0.01039517  0.01039517  0.00813809  0.00427958
  0.00133333  0.06915229  0.0413909   0.0413909   0.03174356  0.00374839
  0.01527173  0.00427958  0.17727349]
33, SUM = 0.799820 : [ 0.20147544  0.00133333  0.00133333  0.00133333  0.00133333  0.00133333
  0.00133333  0.00133333  0.00133333  0.00133333  0.00133333  0.00133333
  0.00133333  0.00133333  0.00133333  0.00133333  0.00133333  0.00133333
  0.00133333  0.00133333  0.00133333  0.00133333  0.00133333  0.00133333
  0.00133333  0.00133333  0.00133333  0.00133333  0.00133333  0.00133333
  0.00133333  0.00133333  0.00133333  0.00133333  0.00133333  0.00133333
  0.00133333  0.00133333  0.00133333  0.00133333  0.00133333  0.00133333
  0.00133333  0.00133333  0.00133333  0.00133333  0.00133333  0.00133333
  0.0058535   0.00811623  0.00811623  0.00811623  0.00811623  0.00811623
  0.00811623  0.00811623  0.00811623  0.0058535   0.00860619  0.01041776
  0.01041776  0.01041776  0.01041776  0.01041776  0.00815503  0.00428522
  0.00133333  0.06915794  0.04148691  0.04148691  0.03181698  0.00375404
  0.01530562  0.00428522  0.17727916]
32, SUM = 0.800532 : [ 0.20171264  0.00133333  0.00133333  0.00133333  0.00133333  0.00133333
  0.00133333  0.00133333  0.00133333  0.00133333  0.00133333  0.00133333
  0.00133333  0.00133333  0.00133333  0.00133333  0.00133333  0.00133333
  0.00133333  0.00133333  0.00133333  0.00133333  0.00133333  0.00133333
  0.00133333  0.00133333  0.00133333  0.00133333  0.00133333  0.00133333
  0.00133333  0.00133333  0.00133333  0.00133333  0.00133333  0.00133333
  0.00133333  0.00133333  0.00133333  0.00133333  0.00133333  0.00133333
  0.00133333  0.00133333  0.00133333  0.00133333  0.00133333  0.00133333
  0.00586197  0.00812893  0.00812893  0.00812893  0.00812893  0.00812893
  0.00812893  0.00812893  0.00812893  0.00586197  0.0086189   0.0104347
  0.0104347   0.0104347   0.0104347   0.0104347   0.00816774  0.00428946
  0.00133333  0.06916218  0.04155892  0.04155892  0.03187204  0.00375827
  0.01533103  0.00428946  0.17728339]
31, SUM = 0.801066 : [ 0.20189054  0.00133333  0.00133333  0.00133333  0.00133333  0.00133333
  0.00133333  0.00133333  0.00133333  0.00133333  0.00133333  0.00133333
  0.00133333  0.00133333  0.00133333  0.00133333  0.00133333  0.00133333
  0.00133333  0.00133333  0.00133333  0.00133333  0.00133333  0.00133333
  0.00133333  0.00133333  0.00133333  0.00133333  0.00133333  0.00133333
  0.00133333  0.00133333  0.00133333  0.00133333  0.00133333  0.00133333
  0.00133333  0.00133333  0.00133333  0.00133333  0.00133333  0.00133333
  0.00133333  0.00133333  0.00133333  0.00133333  0.00133333  0.00133333
  0.00586832  0.00813846  0.00813846  0.00813846  0.00813846  0.00813846
  0.00813846  0.00813846  0.00813846  0.00586832  0.00862843  0.01044741
  0.01044741  0.01044741  0.01044741  0.01044741  0.00817727  0.00429263
  0.00133333  0.06916536  0.04161292  0.04161292  0.03191334  0.00376145
  0.01535009  0.00429263  0.17728657]
30, SUM = 0.801466 : [ 0.20202396  0.00133333  0.00133333  0.00133333  0.00133333  0.00133333
  0.00133333  0.00133333  0.00133333  0.00133333  0.00133333  0.00133333
  0.00133333  0.00133333  0.00133333  0.00133333  0.00133333  0.00133333
  0.00133333  0.00133333  0.00133333  0.00133333  0.00133333  0.00133333
  0.00133333  0.00133333  0.00133333  0.00133333  0.00133333  0.00133333
  0.00133333  0.00133333  0.00133333  0.00133333  0.00133333  0.00133333
  0.00133333  0.00133333  0.00133333  0.00133333  0.00133333  0.00133333
  0.00133333  0.00133333  0.00133333  0.00133333  0.00133333  0.00133333
  0.00587309  0.00814561  0.00814561  0.00814561  0.00814561  0.00814561
  0.00814561  0.00814561  0.00814561  0.00587309  0.00863558  0.01045694
  0.01045694  0.01045694  0.01045694  0.01045694  0.00818442  0.00429502
  0.00133333  0.06916774  0.04165343  0.04165343  0.03194431  0.00376383
  0.01536439  0.00429502  0.17728896]
29, SUM = 0.801766 : [ 0.20212403  0.00133333  0.00133333  0.00133333  0.00133333  0.00133333
  0.00133333  0.00133333  0.00133333  0.00133333  0.00133333  0.00133333
  0.00133333  0.00133333  0.00133333  0.00133333  0.00133333  0.00133333
  0.00133333  0.00133333  0.00133333  0.00133333  0.00133333  0.00133333
  0.00133333  0.00133333  0.00133333  0.00133333  0.00133333  0.00133333
  0.00133333  0.00133333  0.00133333  0.00133333  0.00133333  0.00133333
  0.00133333  0.00133333  0.00133333  0.00133333  0.00133333  0.00133333
  0.00133333  0.00133333  0.00133333  0.00133333  0.00133333  0.00133333
  0.00587666  0.00815097  0.00815097  0.00815097  0.00815097  0.00815097
  0.00815097  0.00815097  0.00815097  0.00587666  0.00864094  0.01046409
  0.01046409  0.01046409  0.01046409  0.01046409  0.00818978  0.0042968
  0.00133333  0.06916953  0.04168381  0.04168381  0.03196754  0.00376562
  0.01537511  0.0042968   0.17729074]
28, SUM = 0.801991 : [ 0.20219909  0.00133333  0.00133333  0.00133333  0.00133333  0.00133333
  0.00133333  0.00133333  0.00133333  0.00133333  0.00133333  0.00133333
  0.00133333  0.00133333  0.00133333  0.00133333  0.00133333  0.00133333
  0.00133333  0.00133333  0.00133333  0.00133333  0.00133333  0.00133333
  0.00133333  0.00133333  0.00133333  0.00133333  0.00133333  0.00133333
  0.00133333  0.00133333  0.00133333  0.00133333  0.00133333  0.00133333
  0.00133333  0.00133333  0.00133333  0.00133333  0.00133333  0.00133333
  0.00133333  0.00133333  0.00133333  0.00133333  0.00133333  0.00133333
  0.00587934  0.00815499  0.00815499  0.00815499  0.00815499  0.00815499
  0.00815499  0.00815499  0.00815499  0.00587934  0.00864496  0.01046945
  0.01046945  0.01046945  0.01046945  0.01046945  0.0081938   0.00429814
  0.00133333  0.06917087  0.04170659  0.04170659  0.03198496  0.00376696
  0.01538315  0.00429814  0.17729208]
27, SUM = 0.802160 : [ 0.20225538  0.00133333  0.00133333  0.00133333  0.00133333  0.00133333
  0.00133333  0.00133333  0.00133333  0.00133333  0.00133333  0.00133333
  0.00133333  0.00133333  0.00133333  0.00133333  0.00133333  0.00133333
  0.00133333  0.00133333  0.00133333  0.00133333  0.00133333  0.00133333
  0.00133333  0.00133333  0.00133333  0.00133333  0.00133333  0.00133333
  0.00133333  0.00133333  0.00133333  0.00133333  0.00133333  0.00133333
  0.00133333  0.00133333  0.00133333  0.00133333  0.00133333  0.00133333
  0.00133333  0.00133333  0.00133333  0.00133333  0.00133333  0.00133333
  0.00588135  0.00815801  0.00815801  0.00815801  0.00815801  0.00815801
  0.00815801  0.00815801  0.00815801  0.00588135  0.00864798  0.01047347
  0.01047347  0.01047347  0.01047347  0.01047347  0.00819681  0.00429915
  0.00133333  0.06917188  0.04172368  0.04172368  0.03199803  0.00376797
  0.01538918  0.00429915  0.17729309]
26, SUM = 0.802287 : [ 0.20229759  0.00133333  0.00133333  0.00133333  0.00133333  0.00133333
  0.00133333  0.00133333  0.00133333  0.00133333  0.00133333  0.00133333
  0.00133333  0.00133333  0.00133333  0.00133333  0.00133333  0.00133333
  0.00133333  0.00133333  0.00133333  0.00133333  0.00133333  0.00133333
  0.00133333  0.00133333  0.00133333  0.00133333  0.00133333  0.00133333
  0.00133333  0.00133333  0.00133333  0.00133333  0.00133333  0.00133333
  0.00133333  0.00133333  0.00133333  0.00133333  0.00133333  0.00133333
  0.00133333  0.00133333  0.00133333  0.00133333  0.00133333  0.00133333
  0.00588286  0.00816027  0.00816027  0.00816027  0.00816027  0.00816027
  0.00816027  0.00816027  0.00816027  0.00588286  0.00865024  0.01047648
  0.01047648  0.01047648  0.01047648  0.01047648  0.00819907  0.0042999
  0.00133333  0.06917263  0.04173649  0.04173649  0.03200783  0.00376872
  0.0153937   0.0042999   0.17729384]
25, SUM = 0.802382 : [ 0.20232925  0.00133333  0.00133333  0.00133333  0.00133333  0.00133333
  0.00133333  0.00133333  0.00133333  0.00133333  0.00133333  0.00133333
  0.00133333  0.00133333  0.00133333  0.00133333  0.00133333  0.00133333
  0.00133333  0.00133333  0.00133333  0.00133333  0.00133333  0.00133333
  0.00133333  0.00133333  0.00133333  0.00133333  0.00133333  0.00133333
  0.00133333  0.00133333  0.00133333  0.00133333  0.00133333  0.00133333
  0.00133333  0.00133333  0.00133333  0.00133333  0.00133333  0.00133333
  0.00133333  0.00133333  0.00133333  0.00133333  0.00133333  0.00133333
  0.00588399  0.00816197  0.00816197  0.00816197  0.00816197  0.00816197
  0.00816197  0.00816197  0.00816197  0.00588399  0.00865193  0.01047874
  0.01047874  0.01047874  0.01047874  0.01047874  0.00820077  0.00430047
  0.00133333  0.0691732   0.0417461   0.0417461   0.03201518  0.00376928
  0.0153971   0.00430047  0.17729441]
24, SUM = 0.802453 : [ 0.202353    0.00133333  0.00133333  0.00133333  0.00133333  0.00133333
  0.00133333  0.00133333  0.00133333  0.00133333  0.00133333  0.00133333
  0.00133333  0.00133333  0.00133333  0.00133333  0.00133333  0.00133333
  0.00133333  0.00133333  0.00133333  0.00133333  0.00133333  0.00133333
  0.00133333  0.00133333  0.00133333  0.00133333  0.00133333  0.00133333
  0.00133333  0.00133333  0.00133333  0.00133333  0.00133333  0.00133333
  0.00133333  0.00133333  0.00133333  0.00133333  0.00133333  0.00133333
  0.00133333  0.00133333  0.00133333  0.00133333  0.00133333  0.00133333
  0.00588484  0.00816324  0.00816324  0.00816324  0.00816324  0.00816324
  0.00816324  0.00816324  0.00816324  0.00588484  0.00865321  0.01048044
  0.01048044  0.01048044  0.01048044  0.01048044  0.00820204  0.00430089
  0.00133333  0.06917362  0.04175331  0.04175331  0.0320207   0.00376971
  0.01539964  0.00430089  0.17729483]
23, SUM = 0.802506 : [ 0.20237081  0.00133333  0.00133333  0.00133333  0.00133333  0.00133333
  0.00133333  0.00133333  0.00133333  0.00133333  0.00133333  0.00133333
  0.00133333  0.00133333  0.00133333  0.00133333  0.00133333  0.00133333
  0.00133333  0.00133333  0.00133333  0.00133333  0.00133333  0.00133333
  0.00133333  0.00133333  0.00133333  0.00133333  0.00133333  0.00133333
  0.00133333  0.00133333  0.00133333  0.00133333  0.00133333  0.00133333
  0.00133333  0.00133333  0.00133333  0.00133333  0.00133333  0.00133333
  0.00133333  0.00133333  0.00133333  0.00133333  0.00133333  0.00133333
  0.00588548  0.00816419  0.00816419  0.00816419  0.00816419  0.00816419
  0.00816419  0.00816419  0.00816419  0.00588548  0.00865416  0.01048171
  0.01048171  0.01048171  0.01048171  0.01048171  0.008203    0.00430121
  0.00133333  0.06917394  0.04175872  0.04175872  0.03202483  0.00377003
  0.01540155  0.00430121  0.17729515]
22, SUM = 0.802546 : [ 0.20238417  0.00133333  0.00133333  0.00133333  0.00133333  0.00133333
  0.00133333  0.00133333  0.00133333  0.00133333  0.00133333  0.00133333
  0.00133333  0.00133333  0.00133333  0.00133333  0.00133333  0.00133333
  0.00133333  0.00133333  0.00133333  0.00133333  0.00133333  0.00133333
  0.00133333  0.00133333  0.00133333  0.00133333  0.00133333  0.00133333
  0.00133333  0.00133333  0.00133333  0.00133333  0.00133333  0.00133333
  0.00133333  0.00133333  0.00133333  0.00133333  0.00133333  0.00133333
  0.00133333  0.00133333  0.00133333  0.00133333  0.00133333  0.00133333
  0.00588595  0.00816491  0.00816491  0.00816491  0.00816491  0.00816491
  0.00816491  0.00816491  0.00816491  0.00588595  0.00865487  0.01048267
  0.01048267  0.01048267  0.01048267  0.01048267  0.00820371  0.00430145
  0.00133333  0.06917418  0.04176278  0.04176278  0.03202793  0.00377026
  0.01540298  0.00430145  0.17729539]
21, SUM = 0.802577 : [ 0.20239419  0.00133333  0.00133333  0.00133333  0.00133333  0.00133333
  0.00133333  0.00133333  0.00133333  0.00133333  0.00133333  0.00133333
  0.00133333  0.00133333  0.00133333  0.00133333  0.00133333  0.00133333
  0.00133333  0.00133333  0.00133333  0.00133333  0.00133333  0.00133333
  0.00133333  0.00133333  0.00133333  0.00133333  0.00133333  0.00133333
  0.00133333  0.00133333  0.00133333  0.00133333  0.00133333  0.00133333
  0.00133333  0.00133333  0.00133333  0.00133333  0.00133333  0.00133333
  0.00133333  0.00133333  0.00133333  0.00133333  0.00133333  0.00133333
  0.00588631  0.00816544  0.00816544  0.00816544  0.00816544  0.00816544
  0.00816544  0.00816544  0.00816544  0.00588631  0.00865541  0.01048338
  0.01048338  0.01048338  0.01048338  0.01048338  0.00820425  0.00430163
  0.00133333  0.06917436  0.04176582  0.04176582  0.03203026  0.00377044
  0.01540405  0.00430163  0.17729557]
20, SUM = 0.802599 : [ 0.2024017   0.00133333  0.00133333  0.00133333  0.00133333  0.00133333
  0.00133333  0.00133333  0.00133333  0.00133333  0.00133333  0.00133333
  0.00133333  0.00133333  0.00133333  0.00133333  0.00133333  0.00133333
  0.00133333  0.00133333  0.00133333  0.00133333  0.00133333  0.00133333
  0.00133333  0.00133333  0.00133333  0.00133333  0.00133333  0.00133333
  0.00133333  0.00133333  0.00133333  0.00133333  0.00133333  0.00133333
  0.00133333  0.00133333  0.00133333  0.00133333  0.00133333  0.00133333
  0.00133333  0.00133333  0.00133333  0.00133333  0.00133333  0.00133333
  0.00588658  0.00816585  0.00816585  0.00816585  0.00816585  0.00816585
  0.00816585  0.00816585  0.00816585  0.00588658  0.00865581  0.01048392
  0.01048392  0.01048392  0.01048392  0.01048392  0.00820465  0.00430176
  0.00133333  0.06917449  0.0417681   0.0417681   0.032032    0.00377058
  0.01540486  0.00430176  0.1772957 ]
19, SUM = 0.802616 : [ 0.20240734  0.00133333  0.00133333  0.00133333  0.00133333  0.00133333
  0.00133333  0.00133333  0.00133333  0.00133333  0.00133333  0.00133333
  0.00133333  0.00133333  0.00133333  0.00133333  0.00133333  0.00133333
  0.00133333  0.00133333  0.00133333  0.00133333  0.00133333  0.00133333
  0.00133333  0.00133333  0.00133333  0.00133333  0.00133333  0.00133333
  0.00133333  0.00133333  0.00133333  0.00133333  0.00133333  0.00133333
  0.00133333  0.00133333  0.00133333  0.00133333  0.00133333  0.00133333
  0.00133333  0.00133333  0.00133333  0.00133333  0.00133333  0.00133333
  0.00588678  0.00816615  0.00816615  0.00816615  0.00816615  0.00816615
  0.00816615  0.00816615  0.00816615  0.00588678  0.00865612  0.01048432
  0.01048432  0.01048432  0.01048432  0.01048432  0.00820495  0.00430186
  0.00133333  0.06917459  0.04176981  0.04176981  0.03203331  0.00377068
  0.01540546  0.00430186  0.1772958 ]
18, SUM = 0.802629 : [ 0.20241156  0.00133333  0.00133333  0.00133333  0.00133333  0.00133333
  0.00133333  0.00133333  0.00133333  0.00133333  0.00133333  0.00133333
  0.00133333  0.00133333  0.00133333  0.00133333  0.00133333  0.00133333
  0.00133333  0.00133333  0.00133333  0.00133333  0.00133333  0.00133333
  0.00133333  0.00133333  0.00133333  0.00133333  0.00133333  0.00133333
  0.00133333  0.00133333  0.00133333  0.00133333  0.00133333  0.00133333
  0.00133333  0.00133333  0.00133333  0.00133333  0.00133333  0.00133333
  0.00133333  0.00133333  0.00133333  0.00133333  0.00133333  0.00133333
  0.00588693  0.00816638  0.00816638  0.00816638  0.00816638  0.00816638
  0.00816638  0.00816638  0.00816638  0.00588693  0.00865634  0.01048462
  0.01048462  0.01048462  0.01048462  0.01048462  0.00820518  0.00430194
  0.00133333  0.06917467  0.04177109  0.04177109  0.03203429  0.00377075
  0.01540592  0.00430194  0.17729588]
17, SUM = 0.802638 : [ 0.20241473  0.00133333  0.00133333  0.00133333  0.00133333  0.00133333
  0.00133333  0.00133333  0.00133333  0.00133333  0.00133333  0.00133333
  0.00133333  0.00133333  0.00133333  0.00133333  0.00133333  0.00133333
  0.00133333  0.00133333  0.00133333  0.00133333  0.00133333  0.00133333
  0.00133333  0.00133333  0.00133333  0.00133333  0.00133333  0.00133333
  0.00133333  0.00133333  0.00133333  0.00133333  0.00133333  0.00133333
  0.00133333  0.00133333  0.00133333  0.00133333  0.00133333  0.00133333
  0.00133333  0.00133333  0.00133333  0.00133333  0.00133333  0.00133333
  0.00588704  0.00816655  0.00816655  0.00816655  0.00816655  0.00816655
  0.00816655  0.00816655  0.00816655  0.00588704  0.00865651  0.01048485
  0.01048485  0.01048485  0.01048485  0.01048485  0.00820535  0.00430199
  0.00133333  0.06917472  0.04177205  0.04177205  0.03203503  0.00377081
  0.01540626  0.00430199  0.17729593]
16, SUM = 0.802645 : [ 0.20241711  0.00133333  0.00133333  0.00133333  0.00133333  0.00133333
  0.00133333  0.00133333  0.00133333  0.00133333  0.00133333  0.00133333
  0.00133333  0.00133333  0.00133333  0.00133333  0.00133333  0.00133333
  0.00133333  0.00133333  0.00133333  0.00133333  0.00133333  0.00133333
  0.00133333  0.00133333  0.00133333  0.00133333  0.00133333  0.00133333
  0.00133333  0.00133333  0.00133333  0.00133333  0.00133333  0.00133333
  0.00133333  0.00133333  0.00133333  0.00133333  0.00133333  0.00133333
  0.00133333  0.00133333  0.00133333  0.00133333  0.00133333  0.00133333
  0.00588713  0.00816667  0.00816667  0.00816667  0.00816667  0.00816667
  0.00816667  0.00816667  0.00816667  0.00588713  0.00865664  0.01048502
  0.01048502  0.01048502  0.01048502  0.01048502  0.00820548  0.00430204
  0.00133333  0.06917476  0.04177277  0.04177277  0.03203558  0.00377085
  0.01540651  0.00430204  0.17729598]
15, SUM = 0.802651 : [ 0.20241889  0.00133333  0.00133333  0.00133333  0.00133333  0.00133333
  0.00133333  0.00133333  0.00133333  0.00133333  0.00133333  0.00133333
  0.00133333  0.00133333  0.00133333  0.00133333  0.00133333  0.00133333
  0.00133333  0.00133333  0.00133333  0.00133333  0.00133333  0.00133333
  0.00133333  0.00133333  0.00133333  0.00133333  0.00133333  0.00133333
  0.00133333  0.00133333  0.00133333  0.00133333  0.00133333  0.00133333
  0.00133333  0.00133333  0.00133333  0.00133333  0.00133333  0.00133333
  0.00133333  0.00133333  0.00133333  0.00133333  0.00133333  0.00133333
  0.00588719  0.00816677  0.00816677  0.00816677  0.00816677  0.00816677
  0.00816677  0.00816677  0.00816677  0.00588719  0.00865673  0.01048515
  0.01048515  0.01048515  0.01048515  0.01048515  0.00820557  0.00430207
  0.00133333  0.0691748   0.04177332  0.04177332  0.03203599  0.00377088
  0.0154067   0.00430207  0.17729601]
14, SUM = 0.802655 : [ 0.20242023  0.00133333  0.00133333  0.00133333  0.00133333  0.00133333
  0.00133333  0.00133333  0.00133333  0.00133333  0.00133333  0.00133333
  0.00133333  0.00133333  0.00133333  0.00133333  0.00133333  0.00133333
  0.00133333  0.00133333  0.00133333  0.00133333  0.00133333  0.00133333
  0.00133333  0.00133333  0.00133333  0.00133333  0.00133333  0.00133333
  0.00133333  0.00133333  0.00133333  0.00133333  0.00133333  0.00133333
  0.00133333  0.00133333  0.00133333  0.00133333  0.00133333  0.00133333
  0.00133333  0.00133333  0.00133333  0.00133333  0.00133333  0.00133333
  0.00588724  0.00816684  0.00816684  0.00816684  0.00816684  0.00816684
  0.00816684  0.00816684  0.00816684  0.00588724  0.00865681  0.01048524
  0.01048524  0.01048524  0.01048524  0.01048524  0.00820564  0.00430209
  0.00133333  0.06917482  0.04177372  0.04177372  0.0320363   0.00377091
  0.01540684  0.00430209  0.17729603]
13, SUM = 0.802658 : [ 0.20242123  0.00133333  0.00133333  0.00133333  0.00133333  0.00133333
  0.00133333  0.00133333  0.00133333  0.00133333  0.00133333  0.00133333
  0.00133333  0.00133333  0.00133333  0.00133333  0.00133333  0.00133333
  0.00133333  0.00133333  0.00133333  0.00133333  0.00133333  0.00133333
  0.00133333  0.00133333  0.00133333  0.00133333  0.00133333  0.00133333
  0.00133333  0.00133333  0.00133333  0.00133333  0.00133333  0.00133333
  0.00133333  0.00133333  0.00133333  0.00133333  0.00133333  0.00133333
  0.00133333  0.00133333  0.00133333  0.00133333  0.00133333  0.00133333
  0.00588728  0.00816689  0.00816689  0.00816689  0.00816689  0.00816689
  0.00816689  0.00816689  0.00816689  0.00588728  0.00865686  0.01048531
  0.01048531  0.01048531  0.01048531  0.01048531  0.0082057   0.00430211
  0.00133333  0.06917484  0.04177403  0.04177403  0.03203653  0.00377093
  0.01540695  0.00430211  0.17729605]
12, SUM = 0.802660 : [ 0.20242199  0.00133333  0.00133333  0.00133333  0.00133333  0.00133333
  0.00133333  0.00133333  0.00133333  0.00133333  0.00133333  0.00133333
  0.00133333  0.00133333  0.00133333  0.00133333  0.00133333  0.00133333
  0.00133333  0.00133333  0.00133333  0.00133333  0.00133333  0.00133333
  0.00133333  0.00133333  0.00133333  0.00133333  0.00133333  0.00133333
  0.00133333  0.00133333  0.00133333  0.00133333  0.00133333  0.00133333
  0.00133333  0.00133333  0.00133333  0.00133333  0.00133333  0.00133333
  0.00133333  0.00133333  0.00133333  0.00133333  0.00133333  0.00133333
  0.0058873   0.00816693  0.00816693  0.00816693  0.00816693  0.00816693
  0.00816693  0.00816693  0.00816693  0.0058873   0.0086569   0.01048537
  0.01048537  0.01048537  0.01048537  0.01048537  0.00820574  0.00430212
  0.00133333  0.06917485  0.04177426  0.04177426  0.03203671  0.00377094
  0.01540703  0.00430212  0.17729606]
11, SUM = 0.802662 : [ 0.20242255  0.00133333  0.00133333  0.00133333  0.00133333  0.00133333
  0.00133333  0.00133333  0.00133333  0.00133333  0.00133333  0.00133333
  0.00133333  0.00133333  0.00133333  0.00133333  0.00133333  0.00133333
  0.00133333  0.00133333  0.00133333  0.00133333  0.00133333  0.00133333
  0.00133333  0.00133333  0.00133333  0.00133333  0.00133333  0.00133333
  0.00133333  0.00133333  0.00133333  0.00133333  0.00133333  0.00133333
  0.00133333  0.00133333  0.00133333  0.00133333  0.00133333  0.00133333
  0.00133333  0.00133333  0.00133333  0.00133333  0.00133333  0.00133333
  0.00588732  0.00816696  0.00816696  0.00816696  0.00816696  0.00816696
  0.00816696  0.00816696  0.00816696  0.00588732  0.00865693  0.01048541
  0.01048541  0.01048541  0.01048541  0.01048541  0.00820577  0.00430213
  0.00133333  0.06917486  0.04177443  0.04177443  0.03203684  0.00377095
  0.01540709  0.00430213  0.17729607]
10, SUM = 0.802663 : [ 0.20242297  0.00133333  0.00133333  0.00133333  0.00133333  0.00133333
  0.00133333  0.00133333  0.00133333  0.00133333  0.00133333  0.00133333
  0.00133333  0.00133333  0.00133333  0.00133333  0.00133333  0.00133333
  0.00133333  0.00133333  0.00133333  0.00133333  0.00133333  0.00133333
  0.00133333  0.00133333  0.00133333  0.00133333  0.00133333  0.00133333
  0.00133333  0.00133333  0.00133333  0.00133333  0.00133333  0.00133333
  0.00133333  0.00133333  0.00133333  0.00133333  0.00133333  0.00133333
  0.00133333  0.00133333  0.00133333  0.00133333  0.00133333  0.00133333
  0.00588734  0.00816699  0.00816699  0.00816699  0.00816699  0.00816699
  0.00816699  0.00816699  0.00816699  0.00588734  0.00865695  0.01048544
  0.01048544  0.01048544  0.01048544  0.01048544  0.00820579  0.00430214
  0.00133333  0.06917487  0.04177455  0.04177455  0.03203694  0.00377096
  0.01540714  0.00430214  0.17729608]
9, SUM = 0.802664 : [ 0.20242329  0.00133333  0.00133333  0.00133333  0.00133333  0.00133333
  0.00133333  0.00133333  0.00133333  0.00133333  0.00133333  0.00133333
  0.00133333  0.00133333  0.00133333  0.00133333  0.00133333  0.00133333
  0.00133333  0.00133333  0.00133333  0.00133333  0.00133333  0.00133333
  0.00133333  0.00133333  0.00133333  0.00133333  0.00133333  0.00133333
  0.00133333  0.00133333  0.00133333  0.00133333  0.00133333  0.00133333
  0.00133333  0.00133333  0.00133333  0.00133333  0.00133333  0.00133333
  0.00133333  0.00133333  0.00133333  0.00133333  0.00133333  0.00133333
  0.00588735  0.008167    0.008167    0.008167    0.008167    0.008167
  0.008167    0.008167    0.008167    0.00588735  0.00865697  0.01048546
  0.01048546  0.01048546  0.01048546  0.01048546  0.00820581  0.00430215
  0.00133333  0.06917487  0.04177465  0.04177465  0.03203701  0.00377096
  0.01540717  0.00430215  0.17729609]
8, SUM = 0.802665 : [ 0.20242353  0.00133333  0.00133333  0.00133333  0.00133333  0.00133333
  0.00133333  0.00133333  0.00133333  0.00133333  0.00133333  0.00133333
  0.00133333  0.00133333  0.00133333  0.00133333  0.00133333  0.00133333
  0.00133333  0.00133333  0.00133333  0.00133333  0.00133333  0.00133333
  0.00133333  0.00133333  0.00133333  0.00133333  0.00133333  0.00133333
  0.00133333  0.00133333  0.00133333  0.00133333  0.00133333  0.00133333
  0.00133333  0.00133333  0.00133333  0.00133333  0.00133333  0.00133333
  0.00133333  0.00133333  0.00133333  0.00133333  0.00133333  0.00133333
  0.00588736  0.00816702  0.00816702  0.00816702  0.00816702  0.00816702
  0.00816702  0.00816702  0.00816702  0.00588736  0.00865698  0.01048548
  0.01048548  0.01048548  0.01048548  0.01048548  0.00820582  0.00430215
  0.00133333  0.06917488  0.04177472  0.04177472  0.03203707  0.00377097
  0.0154072   0.00430215  0.17729609]
7, SUM = 0.802665 : [ 0.20242371  0.00133333  0.00133333  0.00133333  0.00133333  0.00133333
  0.00133333  0.00133333  0.00133333  0.00133333  0.00133333  0.00133333
  0.00133333  0.00133333  0.00133333  0.00133333  0.00133333  0.00133333
  0.00133333  0.00133333  0.00133333  0.00133333  0.00133333  0.00133333
  0.00133333  0.00133333  0.00133333  0.00133333  0.00133333  0.00133333
  0.00133333  0.00133333  0.00133333  0.00133333  0.00133333  0.00133333
  0.00133333  0.00133333  0.00133333  0.00133333  0.00133333  0.00133333
  0.00133333  0.00133333  0.00133333  0.00133333  0.00133333  0.00133333
  0.00588737  0.00816703  0.00816703  0.00816703  0.00816703  0.00816703
  0.00816703  0.00816703  0.00816703  0.00588737  0.00865699  0.01048549
  0.01048549  0.01048549  0.01048549  0.01048549  0.00820583  0.00430215
  0.00133333  0.06917488  0.04177478  0.04177478  0.03203711  0.00377097
  0.01540722  0.00430215  0.17729609]
6, SUM = 0.802665 : [ 0.20242384  0.00133333  0.00133333  0.00133333  0.00133333  0.00133333
  0.00133333  0.00133333  0.00133333  0.00133333  0.00133333  0.00133333
  0.00133333  0.00133333  0.00133333  0.00133333  0.00133333  0.00133333
  0.00133333  0.00133333  0.00133333  0.00133333  0.00133333  0.00133333
  0.00133333  0.00133333  0.00133333  0.00133333  0.00133333  0.00133333
  0.00133333  0.00133333  0.00133333  0.00133333  0.00133333  0.00133333
  0.00133333  0.00133333  0.00133333  0.00133333  0.00133333  0.00133333
  0.00133333  0.00133333  0.00133333  0.00133333  0.00133333  0.00133333
  0.00588737  0.00816703  0.00816703  0.00816703  0.00816703  0.00816703
  0.00816703  0.00816703  0.00816703  0.00588737  0.008657    0.0104855
  0.0104855   0.0104855   0.0104855   0.0104855   0.00820584  0.00430216
  0.00133333  0.06917488  0.04177482  0.04177482  0.03203714  0.00377097
  0.01540723  0.00430216  0.1772961 ]
5, SUM = 0.802666 : [ 0.20242394  0.00133333  0.00133333  0.00133333  0.00133333  0.00133333
  0.00133333  0.00133333  0.00133333  0.00133333  0.00133333  0.00133333
  0.00133333  0.00133333  0.00133333  0.00133333  0.00133333  0.00133333
  0.00133333  0.00133333  0.00133333  0.00133333  0.00133333  0.00133333
  0.00133333  0.00133333  0.00133333  0.00133333  0.00133333  0.00133333
  0.00133333  0.00133333  0.00133333  0.00133333  0.00133333  0.00133333
  0.00133333  0.00133333  0.00133333  0.00133333  0.00133333  0.00133333
  0.00133333  0.00133333  0.00133333  0.00133333  0.00133333  0.00133333
  0.00588737  0.00816704  0.00816704  0.00816704  0.00816704  0.00816704
  0.00816704  0.00816704  0.00816704  0.00588737  0.00865701  0.01048551
  0.01048551  0.01048551  0.01048551  0.01048551  0.00820584  0.00430216
  0.00133333  0.06917489  0.04177485  0.04177485  0.03203716  0.00377098
  0.01540724  0.00430216  0.1772961 ]
4, SUM = 0.802666 : [ 0.20242402  0.00133333  0.00133333  0.00133333  0.00133333  0.00133333
  0.00133333  0.00133333  0.00133333  0.00133333  0.00133333  0.00133333
  0.00133333  0.00133333  0.00133333  0.00133333  0.00133333  0.00133333
  0.00133333  0.00133333  0.00133333  0.00133333  0.00133333  0.00133333
  0.00133333  0.00133333  0.00133333  0.00133333  0.00133333  0.00133333
  0.00133333  0.00133333  0.00133333  0.00133333  0.00133333  0.00133333
  0.00133333  0.00133333  0.00133333  0.00133333  0.00133333  0.00133333
  0.00133333  0.00133333  0.00133333  0.00133333  0.00133333  0.00133333
  0.00588738  0.00816704  0.00816704  0.00816704  0.00816704  0.00816704
  0.00816704  0.00816704  0.00816704  0.00588738  0.00865701  0.01048551
  0.01048551  0.01048551  0.01048551  0.01048551  0.00820585  0.00430216
  0.00133333  0.06917489  0.04177487  0.04177487  0.03203718  0.00377098
  0.01540725  0.00430216  0.1772961 ]
3, SUM = 0.802666 : [ 0.20242407  0.00133333  0.00133333  0.00133333  0.00133333  0.00133333
  0.00133333  0.00133333  0.00133333  0.00133333  0.00133333  0.00133333
  0.00133333  0.00133333  0.00133333  0.00133333  0.00133333  0.00133333
  0.00133333  0.00133333  0.00133333  0.00133333  0.00133333  0.00133333
  0.00133333  0.00133333  0.00133333  0.00133333  0.00133333  0.00133333
  0.00133333  0.00133333  0.00133333  0.00133333  0.00133333  0.00133333
  0.00133333  0.00133333  0.00133333  0.00133333  0.00133333  0.00133333
  0.00133333  0.00133333  0.00133333  0.00133333  0.00133333  0.00133333
  0.00588738  0.00816705  0.00816705  0.00816705  0.00816705  0.00816705
  0.00816705  0.00816705  0.00816705  0.00588738  0.00865701  0.01048552
  0.01048552  0.01048552  0.01048552  0.01048552  0.00820585  0.00430216
  0.00133333  0.06917489  0.04177489  0.04177489  0.03203719  0.00377098
  0.01540726  0.00430216  0.1772961 ]
2, SUM = 0.802666 : [ 0.20242412  0.00133333  0.00133333  0.00133333  0.00133333  0.00133333
  0.00133333  0.00133333  0.00133333  0.00133333  0.00133333  0.00133333
  0.00133333  0.00133333  0.00133333  0.00133333  0.00133333  0.00133333
  0.00133333  0.00133333  0.00133333  0.00133333  0.00133333  0.00133333
  0.00133333  0.00133333  0.00133333  0.00133333  0.00133333  0.00133333
  0.00133333  0.00133333  0.00133333  0.00133333  0.00133333  0.00133333
  0.00133333  0.00133333  0.00133333  0.00133333  0.00133333  0.00133333
  0.00133333  0.00133333  0.00133333  0.00133333  0.00133333  0.00133333
  0.00588738  0.00816705  0.00816705  0.00816705  0.00816705  0.00816705
  0.00816705  0.00816705  0.00816705  0.00588738  0.00865701  0.01048552
  0.01048552  0.01048552  0.01048552  0.01048552  0.00820585  0.00430216
  0.00133333  0.06917489  0.0417749   0.0417749   0.0320372   0.00377098
  0.01540726  0.00430216  0.1772961 ]
1, SUM = 0.802666 : [ 0.20242415  0.00133333  0.00133333  0.00133333  0.00133333  0.00133333
  0.00133333  0.00133333  0.00133333  0.00133333  0.00133333  0.00133333
  0.00133333  0.00133333  0.00133333  0.00133333  0.00133333  0.00133333
  0.00133333  0.00133333  0.00133333  0.00133333  0.00133333  0.00133333
  0.00133333  0.00133333  0.00133333  0.00133333  0.00133333  0.00133333
  0.00133333  0.00133333  0.00133333  0.00133333  0.00133333  0.00133333
  0.00133333  0.00133333  0.00133333  0.00133333  0.00133333  0.00133333
  0.00133333  0.00133333  0.00133333  0.00133333  0.00133333  0.00133333
  0.00588738  0.00816705  0.00816705  0.00816705  0.00816705  0.00816705
  0.00816705  0.00816705  0.00816705  0.00588738  0.00865702  0.01048552
  0.01048552  0.01048552  0.01048552  0.01048552  0.00820585  0.00430216
  0.00133333  0.06917489  0.04177491  0.04177491  0.03203721  0.00377098
  0.01540726  0.00430216  0.1772961 ]
0, SUM = 0.802666 : [ 0.20242417  0.00133333  0.00133333  0.00133333  0.00133333  0.00133333
  0.00133333  0.00133333  0.00133333  0.00133333  0.00133333  0.00133333
  0.00133333  0.00133333  0.00133333  0.00133333  0.00133333  0.00133333
  0.00133333  0.00133333  0.00133333  0.00133333  0.00133333  0.00133333
  0.00133333  0.00133333  0.00133333  0.00133333  0.00133333  0.00133333
  0.00133333  0.00133333  0.00133333  0.00133333  0.00133333  0.00133333
  0.00133333  0.00133333  0.00133333  0.00133333  0.00133333  0.00133333
  0.00133333  0.00133333  0.00133333  0.00133333  0.00133333  0.00133333
  0.00588738  0.00816705  0.00816705  0.00816705  0.00816705  0.00816705
  0.00816705  0.00816705  0.00816705  0.00588738  0.00865702  0.01048552
  0.01048552  0.01048552  0.01048552  0.01048552  0.00820585  0.00430216
  0.00133333  0.06917489  0.04177492  0.04177492  0.03203722  0.00377098
  0.01540727  0.00430216  0.1772961 ]
