P 50, SUM = 0.994667 : [ 0.00533333  0.00533333  0.00533333  0.00533333  0.00533333  0.00533333
  0.00533333  0.00533333  0.00533333  0.00533333  0.00533333  0.00533333
  0.00533333  0.00533333  0.00533333  0.00533333  0.00533333  0.00533333
  0.00533333  0.00533333  0.00533333  0.00533333  0.00533333  0.00533333
  0.00533333  0.00533333  0.00533333  0.00533333  0.00533333  0.00533333
  0.00533333  0.00533333  0.00533333  0.00533333  0.00533333  0.00533333
  0.00533333  0.00533333  0.00533333  0.00533333  0.00533333  0.00533333
  0.00533333  0.00533333  0.00533333  0.00533333  0.00533333  0.00533333
  0.00533333  0.00533333  0.00533333  0.00533333  0.00533333  0.00533333
  0.00533333  0.00533333  0.00533333  0.00533333  0.00533333  0.00533333
  0.00533333  0.00533333  0.00533333  0.00533333  0.00533333  0.00533333
  0.00533333  0.00533333  0.00533333  0.00533333  0.00533333  0.00533333
  0.00533333  0.00533333  0.6       ]
50, SUM = 1.000000 : [ 0.01333333  0.01333333  0.01333333  0.01333333  0.01333333  0.01333333
  0.01333333  0.01333333  0.01333333  0.01333333  0.01333333  0.01333333
  0.01333333  0.01333333  0.01333333  0.01333333  0.01333333  0.01333333
  0.01333333  0.01333333  0.01333333  0.01333333  0.01333333  0.01333333
  0.01333333  0.01333333  0.01333333  0.01333333  0.01333333  0.01333333
  0.01333333  0.01333333  0.01333333  0.01333333  0.01333333  0.01333333
  0.01333333  0.01333333  0.01333333  0.01333333  0.01333333  0.01333333
  0.01333333  0.01333333  0.01333333  0.01333333  0.01333333  0.01333333
  0.01333333  0.01333333  0.01333333  0.01333333  0.01333333  0.01333333
  0.01333333  0.01333333  0.01333333  0.01333333  0.01333333  0.01333333
  0.01333333  0.01333333  0.01333333  0.01333333  0.01333333  0.01333333
  0.01333333  0.01333333  0.01333333  0.01333333  0.01333333  0.01333333
  0.01333333  0.01333333  0.01333333]
49, SUM = 0.360000 : [ 0.17333333  0.          0.          0.          0.          0.          0.
  0.          0.          0.          0.          0.          0.          0.
  0.          0.          0.          0.          0.          0.          0.
  0.          0.          0.          0.          0.          0.          0.
  0.          0.          0.          0.          0.          0.          0.
  0.          0.          0.          0.          0.          0.          0.
  0.          0.          0.          0.          0.          0.
  0.00102241  0.00165428  0.00165428  0.00165428  0.00165428  0.00165428
  0.00165428  0.00165428  0.00165428  0.00102241  0.00780812  0.00288444
  0.00288444  0.00288444  0.00288444  0.00288444  0.00225257  0.00678571
  0.          0.00678571  0.03924603  0.03924603  0.02765873  0.00234127
  0.01126984  0.00678571  0.00678571]
48, SUM = 0.360000 : [ 0.09333333  0.          0.          0.          0.          0.          0.
  0.          0.          0.          0.          0.          0.          0.
  0.          0.          0.          0.          0.          0.          0.
  0.          0.          0.          0.          0.          0.          0.
  0.          0.          0.          0.          0.          0.          0.
  0.          0.          0.          0.          0.          0.          0.
  0.          0.          0.          0.          0.          0.
  0.00540383  0.00801524  0.00801524  0.00801524  0.00801524  0.00801524
  0.00801524  0.00801524  0.00801524  0.00540383  0.00812208  0.01050202
  0.01050202  0.01050202  0.01050202  0.01050202  0.0078906   0.00494048
  0.          0.00494048  0.03250599  0.03250599  0.02412752  0.00284897
  0.01146391  0.00494048  0.00494048]
47, SUM = 0.360000 : [ 0.13333333  0.          0.          0.          0.          0.          0.
  0.          0.          0.          0.          0.          0.          0.
  0.          0.          0.          0.          0.          0.          0.
  0.          0.          0.          0.          0.          0.          0.
  0.          0.          0.          0.          0.          0.          0.
  0.          0.          0.          0.          0.          0.          0.
  0.          0.          0.          0.          0.          0.
  0.00357878  0.0053401   0.0053401   0.0053401   0.0053401   0.0053401
  0.0053401   0.0053401   0.0053401   0.00357878  0.0058366   0.00712876
  0.00712876  0.00712876  0.00712876  0.00712876  0.00536744  0.00330357
  0.          0.00330357  0.03678811  0.03678811  0.02808409  0.00218701
  0.01287886  0.00330357  0.00330357]
46, SUM = 0.360000 : [ 0.11333333  0.          0.          0.          0.          0.          0.
  0.          0.          0.          0.          0.          0.          0.
  0.          0.          0.          0.          0.          0.          0.
  0.          0.          0.          0.          0.          0.          0.
  0.          0.          0.          0.          0.          0.          0.
  0.          0.          0.          0.          0.          0.          0.
  0.          0.          0.          0.          0.          0.
  0.00454496  0.00681559  0.00681559  0.00681559  0.00681559  0.00681559
  0.00681559  0.00681559  0.00681559  0.00454496  0.00682894  0.00907931
  0.00907931  0.00907931  0.00907931  0.00907931  0.00680867  0.00284226
  0.          0.00284226  0.03547043  0.03547043  0.0270518   0.00216324
  0.0124929   0.00284226  0.00284226]
45, SUM = 0.360000 : [ 0.12333333  0.          0.          0.          0.          0.          0.
  0.          0.          0.          0.          0.          0.          0.
  0.          0.          0.          0.          0.          0.          0.
  0.          0.          0.          0.          0.          0.          0.
  0.          0.          0.          0.          0.          0.          0.
  0.          0.          0.          0.          0.          0.          0.
  0.          0.          0.          0.          0.          0.
  0.00411031  0.00616266  0.00616266  0.00616266  0.00616266  0.00616266
  0.00616266  0.00616266  0.00616266  0.00411031  0.00620383  0.00821564
  0.00821564  0.00821564  0.00821564  0.00821564  0.00616329  0.00243304
  0.          0.00243304  0.03650982  0.03650982  0.02791679  0.00215006
  0.01288077  0.00243304  0.00243304]
44, SUM = 0.360000 : [ 0.11833333  0.          0.          0.          0.          0.          0.
  0.          0.          0.          0.          0.          0.          0.
  0.          0.          0.          0.          0.          0.          0.
  0.          0.          0.          0.          0.          0.          0.
  0.          0.          0.          0.          0.          0.          0.
  0.          0.          0.          0.          0.          0.          0.
  0.          0.          0.          0.          0.          0.
  0.00435002  0.00652493  0.00652493  0.00652493  0.00652493  0.00652493
  0.00652493  0.00652493  0.00652493  0.00435002  0.00652624  0.00869952
  0.00869952  0.00869952  0.00869952  0.00869952  0.00652461  0.00231771
  0.          0.00231771  0.03618824  0.03618824  0.02766714  0.00213516
  0.01276913  0.00231771  0.00231771]
43, SUM = 0.360000 : [ 0.12083333  0.          0.          0.          0.          0.          0.
  0.          0.          0.          0.          0.          0.          0.
  0.          0.          0.          0.          0.          0.          0.
  0.          0.          0.          0.          0.          0.          0.
  0.          0.          0.          0.          0.          0.          0.
  0.          0.          0.          0.          0.          0.          0.
  0.          0.          0.          0.          0.          0.
  0.00424182  0.00636248  0.00636248  0.00636248  0.00636248  0.00636248
  0.00636248  0.00636248  0.00636248  0.00424182  0.00636594  0.00848313
  0.00848313  0.00848313  0.00848313  0.00848313  0.00636246  0.0022154   0.
  0.0022154   0.03644857  0.03644857  0.02787223  0.00214425  0.01286392
  0.0022154   0.0022154 ]
42, SUM = 0.360000 : [ 0.11958333  0.          0.          0.          0.          0.          0.
  0.          0.          0.          0.          0.          0.          0.
  0.          0.          0.          0.          0.          0.          0.
  0.          0.          0.          0.          0.          0.          0.
  0.          0.          0.          0.          0.          0.          0.
  0.          0.          0.          0.          0.          0.          0.
  0.          0.          0.          0.          0.          0.
  0.00430177  0.00645265  0.00645265  0.00645265  0.00645265  0.00645265
  0.00645265  0.00645265  0.00645265  0.00430177  0.00645277  0.00860351
  0.00860351  0.00860351  0.00860351  0.00860351  0.00645263  0.00218657
  0.          0.00218657  0.03636835  0.03636835  0.02781056  0.00213986
  0.01283558  0.00218657  0.00218657]
41, SUM = 0.360000 : [ 0.12020833  0.          0.          0.          0.          0.          0.
  0.          0.          0.          0.          0.          0.          0.
  0.          0.          0.          0.          0.          0.          0.
  0.          0.          0.          0.          0.          0.          0.
  0.          0.          0.          0.          0.          0.          0.
  0.          0.          0.          0.          0.          0.          0.
  0.          0.          0.          0.          0.          0.
  0.00427473  0.00641208  0.00641208  0.00641208  0.00641208  0.00641208
  0.00641208  0.00641208  0.00641208  0.00427473  0.00641237  0.00854942
  0.00854942  0.00854942  0.00854942  0.00854942  0.00641207  0.00216099
  0.          0.00216099  0.03643355  0.03643355  0.02786094  0.00214317
  0.01285888  0.00216099  0.00216099]
40, SUM = 0.360000 : [ 0.11989583  0.          0.          0.          0.          0.          0.
  0.          0.          0.          0.          0.          0.          0.
  0.          0.          0.          0.          0.          0.          0.
  0.          0.          0.          0.          0.          0.          0.
  0.          0.          0.          0.          0.          0.          0.
  0.          0.          0.          0.          0.          0.          0.
  0.          0.          0.          0.          0.          0.
  0.00428973  0.00643459  0.00643459  0.00643459  0.00643459  0.00643459
  0.00643459  0.00643459  0.00643459  0.00428973  0.0064346   0.00857945
  0.00857945  0.00857945  0.00857945  0.00857945  0.00643459  0.00215379
  0.          0.00215379  0.0364135   0.0364135   0.02784557  0.00214202
  0.0128518   0.00215379  0.00215379]
39, SUM = 0.360000 : [ 0.12005208  0.          0.          0.          0.          0.          0.
  0.          0.          0.          0.          0.          0.          0.
  0.          0.          0.          0.          0.          0.          0.
  0.          0.          0.          0.          0.          0.          0.
  0.          0.          0.          0.          0.          0.          0.
  0.          0.          0.          0.          0.          0.          0.
  0.          0.          0.          0.          0.          0.
  0.00428297  0.00642445  0.00642445  0.00642445  0.00642445  0.00642445
  0.00642445  0.00642445  0.00642445  0.00428297  0.00642447  0.00856593
  0.00856593  0.00856593  0.00856593  0.00856593  0.00642445  0.00214739
  0.          0.00214739  0.03642982  0.03642982  0.02785809  0.00214293
  0.01285758  0.00214739  0.00214739]
38, SUM = 0.360000 : [ 0.11997396  0.          0.          0.          0.          0.          0.
  0.          0.          0.          0.          0.          0.          0.
  0.          0.          0.          0.          0.          0.          0.
  0.          0.          0.          0.          0.          0.          0.
  0.          0.          0.          0.          0.          0.          0.
  0.          0.          0.          0.          0.          0.          0.
  0.          0.          0.          0.          0.          0.
  0.00428672  0.00643008  0.00643008  0.00643008  0.00643008  0.00643008
  0.00643008  0.00643008  0.00643008  0.00428672  0.00643008  0.00857343
  0.00857343  0.00857343  0.00857343  0.00857343  0.00643008  0.00214559
  0.          0.00214559  0.0364248   0.0364248   0.02785426  0.00214264
  0.01285581  0.00214559  0.00214559]
37, SUM = 0.360000 : [ 0.12001302  0.          0.          0.          0.          0.          0.
  0.          0.          0.          0.          0.          0.          0.
  0.          0.          0.          0.          0.          0.          0.
  0.          0.          0.          0.          0.          0.          0.
  0.          0.          0.          0.          0.          0.          0.
  0.          0.          0.          0.          0.          0.          0.
  0.          0.          0.          0.          0.          0.
  0.00428503  0.00642754  0.00642754  0.00642754  0.00642754  0.00642754
  0.00642754  0.00642754  0.00642754  0.00428503  0.00642754  0.00857005
  0.00857005  0.00857005  0.00857005  0.00857005  0.00642754  0.00214399
  0.          0.00214399  0.03642888  0.03642888  0.02785738  0.00214288
  0.01285725  0.00214399  0.00214399]
36, SUM = 0.360000 : [ 0.11999349  0.          0.          0.          0.          0.          0.
  0.          0.          0.          0.          0.          0.          0.
  0.          0.          0.          0.          0.          0.          0.
  0.          0.          0.          0.          0.          0.          0.
  0.          0.          0.          0.          0.          0.          0.
  0.          0.          0.          0.          0.          0.          0.
  0.          0.          0.          0.          0.          0.
  0.00428597  0.00642895  0.00642895  0.00642895  0.00642895  0.00642895
  0.00642895  0.00642895  0.00642895  0.00428597  0.00642895  0.00857193
  0.00857193  0.00857193  0.00857193  0.00857193  0.00642895  0.00214354
  0.          0.00214354  0.03642763  0.03642763  0.02785642  0.0021428
  0.01285681  0.00214354  0.00214354]
35, SUM = 0.360000 : [ 0.12000326  0.          0.          0.          0.          0.          0.
  0.          0.          0.          0.          0.          0.          0.
  0.          0.          0.          0.          0.          0.          0.
  0.          0.          0.          0.          0.          0.          0.
  0.          0.          0.          0.          0.          0.          0.
  0.          0.          0.          0.          0.          0.          0.
  0.          0.          0.          0.          0.          0.
  0.00428554  0.00642831  0.00642831  0.00642831  0.00642831  0.00642831
  0.00642831  0.00642831  0.00642831  0.00428554  0.00642831  0.00857109
  0.00857109  0.00857109  0.00857109  0.00857109  0.00642831  0.00214314
  0.          0.00214314  0.03642865  0.03642865  0.0278572   0.00214286
  0.01285717  0.00214314  0.00214314]
34, SUM = 0.360000 : [ 0.11999837  0.          0.          0.          0.          0.          0.
  0.          0.          0.          0.          0.          0.          0.
  0.          0.          0.          0.          0.          0.          0.
  0.          0.          0.          0.          0.          0.          0.
  0.          0.          0.          0.          0.          0.          0.
  0.          0.          0.          0.          0.          0.          0.
  0.          0.          0.          0.          0.          0.
  0.00428578  0.00642867  0.00642867  0.00642867  0.00642867  0.00642867
  0.00642867  0.00642867  0.00642867  0.00428578  0.00642867  0.00857155
  0.00857155  0.00857155  0.00857155  0.00857155  0.00642867  0.00214303
  0.          0.00214303  0.03642834  0.03642834  0.02785696  0.00214284
  0.01285706  0.00214303  0.00214303]
33, SUM = 0.360000 : [ 0.12000081  0.          0.          0.          0.          0.          0.
  0.          0.          0.          0.          0.          0.          0.
  0.          0.          0.          0.          0.          0.          0.
  0.          0.          0.          0.          0.          0.          0.
  0.          0.          0.          0.          0.          0.          0.
  0.          0.          0.          0.          0.          0.          0.
  0.          0.          0.          0.          0.          0.
  0.00428567  0.00642851  0.00642851  0.00642851  0.00642851  0.00642851
  0.00642851  0.00642851  0.00642851  0.00428567  0.00642851  0.00857134
  0.00857134  0.00857134  0.00857134  0.00857134  0.00642851  0.00214293
  0.          0.00214293  0.03642859  0.03642859  0.02785716  0.00214286
  0.01285715  0.00214293  0.00214293]
32, SUM = 0.360000 : [ 0.11999959  0.          0.          0.          0.          0.          0.
  0.          0.          0.          0.          0.          0.          0.
  0.          0.          0.          0.          0.          0.          0.
  0.          0.          0.          0.          0.          0.          0.
  0.          0.          0.          0.          0.          0.          0.
  0.          0.          0.          0.          0.          0.          0.
  0.          0.          0.          0.          0.          0.
  0.00428573  0.00642859  0.00642859  0.00642859  0.00642859  0.00642859
  0.00642859  0.00642859  0.00642859  0.00428573  0.00642859  0.00857146
  0.00857146  0.00857146  0.00857146  0.00857146  0.00642859  0.0021429   0.
  0.0021429   0.03642851  0.03642851  0.0278571   0.00214285  0.01285712
  0.0021429   0.0021429 ]
31, SUM = 0.360000 : [ 0.1200002   0.          0.          0.          0.          0.          0.
  0.          0.          0.          0.          0.          0.          0.
  0.          0.          0.          0.          0.          0.          0.
  0.          0.          0.          0.          0.          0.          0.
  0.          0.          0.          0.          0.          0.          0.
  0.          0.          0.          0.          0.          0.          0.
  0.          0.          0.          0.          0.          0.          0.0042857
  0.00642856  0.00642856  0.00642856  0.00642856  0.00642856  0.00642856
  0.00642856  0.00642856  0.0042857   0.00642856  0.00857141  0.00857141
  0.00857141  0.00857141  0.00857141  0.00642856  0.00214287  0.
  0.00214287  0.03642858  0.03642858  0.02785715  0.00214286  0.01285714
  0.00214287  0.00214287]
30, SUM = 0.360000 : [ 0.1199999   0.          0.          0.          0.          0.          0.
  0.          0.          0.          0.          0.          0.          0.
  0.          0.          0.          0.          0.          0.          0.
  0.          0.          0.          0.          0.          0.          0.
  0.          0.          0.          0.          0.          0.          0.
  0.          0.          0.          0.          0.          0.          0.
  0.          0.          0.          0.          0.          0.
  0.00428572  0.00642858  0.00642858  0.00642858  0.00642858  0.00642858
  0.00642858  0.00642858  0.00642858  0.00428572  0.00642858  0.00857144
  0.00857144  0.00857144  0.00857144  0.00857144  0.00642858  0.00214287
  0.          0.00214287  0.03642856  0.03642856  0.02785713  0.00214286
  0.01285714  0.00214287  0.00214287]
29, SUM = 0.360000 : [ 0.12000005  0.          0.          0.          0.          0.          0.
  0.          0.          0.          0.          0.          0.          0.
  0.          0.          0.          0.          0.          0.          0.
  0.          0.          0.          0.          0.          0.          0.
  0.          0.          0.          0.          0.          0.          0.
  0.          0.          0.          0.          0.          0.          0.
  0.          0.          0.          0.          0.          0.
  0.00428571  0.00642857  0.00642857  0.00642857  0.00642857  0.00642857
  0.00642857  0.00642857  0.00642857  0.00428571  0.00642857  0.00857142
  0.00857142  0.00857142  0.00857142  0.00857142  0.00642857  0.00214286
  0.          0.00214286  0.03642857  0.03642857  0.02785714  0.00214286
  0.01285714  0.00214286  0.00214286]
28, SUM = 0.360000 : [ 0.11999997  0.          0.          0.          0.          0.          0.
  0.          0.          0.          0.          0.          0.          0.
  0.          0.          0.          0.          0.          0.          0.
  0.          0.          0.          0.          0.          0.          0.
  0.          0.          0.          0.          0.          0.          0.
  0.          0.          0.          0.          0.          0.          0.
  0.          0.          0.          0.          0.          0.
  0.00428572  0.00642857  0.00642857  0.00642857  0.00642857  0.00642857
  0.00642857  0.00642857  0.00642857  0.00428572  0.00642857  0.00857143
  0.00857143  0.00857143  0.00857143  0.00857143  0.00642857  0.00214286
  0.          0.00214286  0.03642857  0.03642857  0.02785714  0.00214286
  0.01285714  0.00214286  0.00214286]
27, SUM = 0.360000 : [ 0.12000001  0.          0.          0.          0.          0.          0.
  0.          0.          0.          0.          0.          0.          0.
  0.          0.          0.          0.          0.          0.          0.
  0.          0.          0.          0.          0.          0.          0.
  0.          0.          0.          0.          0.          0.          0.
  0.          0.          0.          0.          0.          0.          0.
  0.          0.          0.          0.          0.          0.
  0.00428571  0.00642857  0.00642857  0.00642857  0.00642857  0.00642857
  0.00642857  0.00642857  0.00642857  0.00428571  0.00642857  0.00857143
  0.00857143  0.00857143  0.00857143  0.00857143  0.00642857  0.00214286
  0.          0.00214286  0.03642857  0.03642857  0.02785714  0.00214286
  0.01285714  0.00214286  0.00214286]
26, SUM = 0.360000 : [ 0.11999999  0.          0.          0.          0.          0.          0.
  0.          0.          0.          0.          0.          0.          0.
  0.          0.          0.          0.          0.          0.          0.
  0.          0.          0.          0.          0.          0.          0.
  0.          0.          0.          0.          0.          0.          0.
  0.          0.          0.          0.          0.          0.          0.
  0.          0.          0.          0.          0.          0.
  0.00428571  0.00642857  0.00642857  0.00642857  0.00642857  0.00642857
  0.00642857  0.00642857  0.00642857  0.00428571  0.00642857  0.00857143
  0.00857143  0.00857143  0.00857143  0.00857143  0.00642857  0.00214286
  0.          0.00214286  0.03642857  0.03642857  0.02785714  0.00214286
  0.01285714  0.00214286  0.00214286]
25, SUM = 0.360000 : [ 0.12        0.          0.          0.          0.          0.          0.
  0.          0.          0.          0.          0.          0.          0.
  0.          0.          0.          0.          0.          0.          0.
  0.          0.          0.          0.          0.          0.          0.
  0.          0.          0.          0.          0.          0.          0.
  0.          0.          0.          0.          0.          0.          0.
  0.          0.          0.          0.          0.          0.
  0.00428571  0.00642857  0.00642857  0.00642857  0.00642857  0.00642857
  0.00642857  0.00642857  0.00642857  0.00428571  0.00642857  0.00857143
  0.00857143  0.00857143  0.00857143  0.00857143  0.00642857  0.00214286
  0.          0.00214286  0.03642857  0.03642857  0.02785714  0.00214286
  0.01285714  0.00214286  0.00214286]
24, SUM = 0.360000 : [ 0.12        0.          0.          0.          0.          0.          0.
  0.          0.          0.          0.          0.          0.          0.
  0.          0.          0.          0.          0.          0.          0.
  0.          0.          0.          0.          0.          0.          0.
  0.          0.          0.          0.          0.          0.          0.
  0.          0.          0.          0.          0.          0.          0.
  0.          0.          0.          0.          0.          0.
  0.00428571  0.00642857  0.00642857  0.00642857  0.00642857  0.00642857
  0.00642857  0.00642857  0.00642857  0.00428571  0.00642857  0.00857143
  0.00857143  0.00857143  0.00857143  0.00857143  0.00642857  0.00214286
  0.          0.00214286  0.03642857  0.03642857  0.02785714  0.00214286
  0.01285714  0.00214286  0.00214286]
23, SUM = 0.360000 : [ 0.12        0.          0.          0.          0.          0.          0.
  0.          0.          0.          0.          0.          0.          0.
  0.          0.          0.          0.          0.          0.          0.
  0.          0.          0.          0.          0.          0.          0.
  0.          0.          0.          0.          0.          0.          0.
  0.          0.          0.          0.          0.          0.          0.
  0.          0.          0.          0.          0.          0.
  0.00428571  0.00642857  0.00642857  0.00642857  0.00642857  0.00642857
  0.00642857  0.00642857  0.00642857  0.00428571  0.00642857  0.00857143
  0.00857143  0.00857143  0.00857143  0.00857143  0.00642857  0.00214286
  0.          0.00214286  0.03642857  0.03642857  0.02785714  0.00214286
  0.01285714  0.00214286  0.00214286]
22, SUM = 0.360000 : [ 0.12        0.          0.          0.          0.          0.          0.
  0.          0.          0.          0.          0.          0.          0.
  0.          0.          0.          0.          0.          0.          0.
  0.          0.          0.          0.          0.          0.          0.
  0.          0.          0.          0.          0.          0.          0.
  0.          0.          0.          0.          0.          0.          0.
  0.          0.          0.          0.          0.          0.
  0.00428571  0.00642857  0.00642857  0.00642857  0.00642857  0.00642857
  0.00642857  0.00642857  0.00642857  0.00428571  0.00642857  0.00857143
  0.00857143  0.00857143  0.00857143  0.00857143  0.00642857  0.00214286
  0.          0.00214286  0.03642857  0.03642857  0.02785714  0.00214286
  0.01285714  0.00214286  0.00214286]
21, SUM = 0.360000 : [ 0.12        0.          0.          0.          0.          0.          0.
  0.          0.          0.          0.          0.          0.          0.
  0.          0.          0.          0.          0.          0.          0.
  0.          0.          0.          0.          0.          0.          0.
  0.          0.          0.          0.          0.          0.          0.
  0.          0.          0.          0.          0.          0.          0.
  0.          0.          0.          0.          0.          0.
  0.00428571  0.00642857  0.00642857  0.00642857  0.00642857  0.00642857
  0.00642857  0.00642857  0.00642857  0.00428571  0.00642857  0.00857143
  0.00857143  0.00857143  0.00857143  0.00857143  0.00642857  0.00214286
  0.          0.00214286  0.03642857  0.03642857  0.02785714  0.00214286
  0.01285714  0.00214286  0.00214286]
20, SUM = 0.360000 : [ 0.12        0.          0.          0.          0.          0.          0.
  0.          0.          0.          0.          0.          0.          0.
  0.          0.          0.          0.          0.          0.          0.
  0.          0.          0.          0.          0.          0.          0.
  0.          0.          0.          0.          0.          0.          0.
  0.          0.          0.          0.          0.          0.          0.
  0.          0.          0.          0.          0.          0.
  0.00428571  0.00642857  0.00642857  0.00642857  0.00642857  0.00642857
  0.00642857  0.00642857  0.00642857  0.00428571  0.00642857  0.00857143
  0.00857143  0.00857143  0.00857143  0.00857143  0.00642857  0.00214286
  0.          0.00214286  0.03642857  0.03642857  0.02785714  0.00214286
  0.01285714  0.00214286  0.00214286]
19, SUM = 0.360000 : [ 0.12        0.          0.          0.          0.          0.          0.
  0.          0.          0.          0.          0.          0.          0.
  0.          0.          0.          0.          0.          0.          0.
  0.          0.          0.          0.          0.          0.          0.
  0.          0.          0.          0.          0.          0.          0.
  0.          0.          0.          0.          0.          0.          0.
  0.          0.          0.          0.          0.          0.
  0.00428571  0.00642857  0.00642857  0.00642857  0.00642857  0.00642857
  0.00642857  0.00642857  0.00642857  0.00428571  0.00642857  0.00857143
  0.00857143  0.00857143  0.00857143  0.00857143  0.00642857  0.00214286
  0.          0.00214286  0.03642857  0.03642857  0.02785714  0.00214286
  0.01285714  0.00214286  0.00214286]
18, SUM = 0.360000 : [ 0.12        0.          0.          0.          0.          0.          0.
  0.          0.          0.          0.          0.          0.          0.
  0.          0.          0.          0.          0.          0.          0.
  0.          0.          0.          0.          0.          0.          0.
  0.          0.          0.          0.          0.          0.          0.
  0.          0.          0.          0.          0.          0.          0.
  0.          0.          0.          0.          0.          0.
  0.00428571  0.00642857  0.00642857  0.00642857  0.00642857  0.00642857
  0.00642857  0.00642857  0.00642857  0.00428571  0.00642857  0.00857143
  0.00857143  0.00857143  0.00857143  0.00857143  0.00642857  0.00214286
  0.          0.00214286  0.03642857  0.03642857  0.02785714  0.00214286
  0.01285714  0.00214286  0.00214286]
17, SUM = 0.360000 : [ 0.12        0.          0.          0.          0.          0.          0.
  0.          0.          0.          0.          0.          0.          0.
  0.          0.          0.          0.          0.          0.          0.
  0.          0.          0.          0.          0.          0.          0.
  0.          0.          0.          0.          0.          0.          0.
  0.          0.          0.          0.          0.          0.          0.
  0.          0.          0.          0.          0.          0.
  0.00428571  0.00642857  0.00642857  0.00642857  0.00642857  0.00642857
  0.00642857  0.00642857  0.00642857  0.00428571  0.00642857  0.00857143
  0.00857143  0.00857143  0.00857143  0.00857143  0.00642857  0.00214286
  0.          0.00214286  0.03642857  0.03642857  0.02785714  0.00214286
  0.01285714  0.00214286  0.00214286]
16, SUM = 0.360000 : [ 0.12        0.          0.          0.          0.          0.          0.
  0.          0.          0.          0.          0.          0.          0.
  0.          0.          0.          0.          0.          0.          0.
  0.          0.          0.          0.          0.          0.          0.
  0.          0.          0.          0.          0.          0.          0.
  0.          0.          0.          0.          0.          0.          0.
  0.          0.          0.          0.          0.          0.
  0.00428571  0.00642857  0.00642857  0.00642857  0.00642857  0.00642857
  0.00642857  0.00642857  0.00642857  0.00428571  0.00642857  0.00857143
  0.00857143  0.00857143  0.00857143  0.00857143  0.00642857  0.00214286
  0.          0.00214286  0.03642857  0.03642857  0.02785714  0.00214286
  0.01285714  0.00214286  0.00214286]
15, SUM = 0.360000 : [ 0.12        0.          0.          0.          0.          0.          0.
  0.          0.          0.          0.          0.          0.          0.
  0.          0.          0.          0.          0.          0.          0.
  0.          0.          0.          0.          0.          0.          0.
  0.          0.          0.          0.          0.          0.          0.
  0.          0.          0.          0.          0.          0.          0.
  0.          0.          0.          0.          0.          0.
  0.00428571  0.00642857  0.00642857  0.00642857  0.00642857  0.00642857
  0.00642857  0.00642857  0.00642857  0.00428571  0.00642857  0.00857143
  0.00857143  0.00857143  0.00857143  0.00857143  0.00642857  0.00214286
  0.          0.00214286  0.03642857  0.03642857  0.02785714  0.00214286
  0.01285714  0.00214286  0.00214286]
14, SUM = 0.360000 : [ 0.12        0.          0.          0.          0.          0.          0.
  0.          0.          0.          0.          0.          0.          0.
  0.          0.          0.          0.          0.          0.          0.
  0.          0.          0.          0.          0.          0.          0.
  0.          0.          0.          0.          0.          0.          0.
  0.          0.          0.          0.          0.          0.          0.
  0.          0.          0.          0.          0.          0.
  0.00428571  0.00642857  0.00642857  0.00642857  0.00642857  0.00642857
  0.00642857  0.00642857  0.00642857  0.00428571  0.00642857  0.00857143
  0.00857143  0.00857143  0.00857143  0.00857143  0.00642857  0.00214286
  0.          0.00214286  0.03642857  0.03642857  0.02785714  0.00214286
  0.01285714  0.00214286  0.00214286]
13, SUM = 0.360000 : [ 0.12        0.          0.          0.          0.          0.          0.
  0.          0.          0.          0.          0.          0.          0.
  0.          0.          0.          0.          0.          0.          0.
  0.          0.          0.          0.          0.          0.          0.
  0.          0.          0.          0.          0.          0.          0.
  0.          0.          0.          0.          0.          0.          0.
  0.          0.          0.          0.          0.          0.
  0.00428571  0.00642857  0.00642857  0.00642857  0.00642857  0.00642857
  0.00642857  0.00642857  0.00642857  0.00428571  0.00642857  0.00857143
  0.00857143  0.00857143  0.00857143  0.00857143  0.00642857  0.00214286
  0.          0.00214286  0.03642857  0.03642857  0.02785714  0.00214286
  0.01285714  0.00214286  0.00214286]
12, SUM = 0.360000 : [ 0.12        0.          0.          0.          0.          0.          0.
  0.          0.          0.          0.          0.          0.          0.
  0.          0.          0.          0.          0.          0.          0.
  0.          0.          0.          0.          0.          0.          0.
  0.          0.          0.          0.          0.          0.          0.
  0.          0.          0.          0.          0.          0.          0.
  0.          0.          0.          0.          0.          0.
  0.00428571  0.00642857  0.00642857  0.00642857  0.00642857  0.00642857
  0.00642857  0.00642857  0.00642857  0.00428571  0.00642857  0.00857143
  0.00857143  0.00857143  0.00857143  0.00857143  0.00642857  0.00214286
  0.          0.00214286  0.03642857  0.03642857  0.02785714  0.00214286
  0.01285714  0.00214286  0.00214286]
11, SUM = 0.360000 : [ 0.12        0.          0.          0.          0.          0.          0.
  0.          0.          0.          0.          0.          0.          0.
  0.          0.          0.          0.          0.          0.          0.
  0.          0.          0.          0.          0.          0.          0.
  0.          0.          0.          0.          0.          0.          0.
  0.          0.          0.          0.          0.          0.          0.
  0.          0.          0.          0.          0.          0.
  0.00428571  0.00642857  0.00642857  0.00642857  0.00642857  0.00642857
  0.00642857  0.00642857  0.00642857  0.00428571  0.00642857  0.00857143
  0.00857143  0.00857143  0.00857143  0.00857143  0.00642857  0.00214286
  0.          0.00214286  0.03642857  0.03642857  0.02785714  0.00214286
  0.01285714  0.00214286  0.00214286]
10, SUM = 0.360000 : [ 0.12        0.          0.          0.          0.          0.          0.
  0.          0.          0.          0.          0.          0.          0.
  0.          0.          0.          0.          0.          0.          0.
  0.          0.          0.          0.          0.          0.          0.
  0.          0.          0.          0.          0.          0.          0.
  0.          0.          0.          0.          0.          0.          0.
  0.          0.          0.          0.          0.          0.
  0.00428571  0.00642857  0.00642857  0.00642857  0.00642857  0.00642857
  0.00642857  0.00642857  0.00642857  0.00428571  0.00642857  0.00857143
  0.00857143  0.00857143  0.00857143  0.00857143  0.00642857  0.00214286
  0.          0.00214286  0.03642857  0.03642857  0.02785714  0.00214286
  0.01285714  0.00214286  0.00214286]
9, SUM = 0.360000 : [ 0.12        0.          0.          0.          0.          0.          0.
  0.          0.          0.          0.          0.          0.          0.
  0.          0.          0.          0.          0.          0.          0.
  0.          0.          0.          0.          0.          0.          0.
  0.          0.          0.          0.          0.          0.          0.
  0.          0.          0.          0.          0.          0.          0.
  0.          0.          0.          0.          0.          0.
  0.00428571  0.00642857  0.00642857  0.00642857  0.00642857  0.00642857
  0.00642857  0.00642857  0.00642857  0.00428571  0.00642857  0.00857143
  0.00857143  0.00857143  0.00857143  0.00857143  0.00642857  0.00214286
  0.          0.00214286  0.03642857  0.03642857  0.02785714  0.00214286
  0.01285714  0.00214286  0.00214286]
8, SUM = 0.360000 : [ 0.12        0.          0.          0.          0.          0.          0.
  0.          0.          0.          0.          0.          0.          0.
  0.          0.          0.          0.          0.          0.          0.
  0.          0.          0.          0.          0.          0.          0.
  0.          0.          0.          0.          0.          0.          0.
  0.          0.          0.          0.          0.          0.          0.
  0.          0.          0.          0.          0.          0.
  0.00428571  0.00642857  0.00642857  0.00642857  0.00642857  0.00642857
  0.00642857  0.00642857  0.00642857  0.00428571  0.00642857  0.00857143
  0.00857143  0.00857143  0.00857143  0.00857143  0.00642857  0.00214286
  0.          0.00214286  0.03642857  0.03642857  0.02785714  0.00214286
  0.01285714  0.00214286  0.00214286]
7, SUM = 0.360000 : [ 0.12        0.          0.          0.          0.          0.          0.
  0.          0.          0.          0.          0.          0.          0.
  0.          0.          0.          0.          0.          0.          0.
  0.          0.          0.          0.          0.          0.          0.
  0.          0.          0.          0.          0.          0.          0.
  0.          0.          0.          0.          0.          0.          0.
  0.          0.          0.          0.          0.          0.
  0.00428571  0.00642857  0.00642857  0.00642857  0.00642857  0.00642857
  0.00642857  0.00642857  0.00642857  0.00428571  0.00642857  0.00857143
  0.00857143  0.00857143  0.00857143  0.00857143  0.00642857  0.00214286
  0.          0.00214286  0.03642857  0.03642857  0.02785714  0.00214286
  0.01285714  0.00214286  0.00214286]
6, SUM = 0.360000 : [ 0.12        0.          0.          0.          0.          0.          0.
  0.          0.          0.          0.          0.          0.          0.
  0.          0.          0.          0.          0.          0.          0.
  0.          0.          0.          0.          0.          0.          0.
  0.          0.          0.          0.          0.          0.          0.
  0.          0.          0.          0.          0.          0.          0.
  0.          0.          0.          0.          0.          0.
  0.00428571  0.00642857  0.00642857  0.00642857  0.00642857  0.00642857
  0.00642857  0.00642857  0.00642857  0.00428571  0.00642857  0.00857143
  0.00857143  0.00857143  0.00857143  0.00857143  0.00642857  0.00214286
  0.          0.00214286  0.03642857  0.03642857  0.02785714  0.00214286
  0.01285714  0.00214286  0.00214286]
5, SUM = 0.360000 : [ 0.12        0.          0.          0.          0.          0.          0.
  0.          0.          0.          0.          0.          0.          0.
  0.          0.          0.          0.          0.          0.          0.
  0.          0.          0.          0.          0.          0.          0.
  0.          0.          0.          0.          0.          0.          0.
  0.          0.          0.          0.          0.          0.          0.
  0.          0.          0.          0.          0.          0.
  0.00428571  0.00642857  0.00642857  0.00642857  0.00642857  0.00642857
  0.00642857  0.00642857  0.00642857  0.00428571  0.00642857  0.00857143
  0.00857143  0.00857143  0.00857143  0.00857143  0.00642857  0.00214286
  0.          0.00214286  0.03642857  0.03642857  0.02785714  0.00214286
  0.01285714  0.00214286  0.00214286]
4, SUM = 0.360000 : [ 0.12        0.          0.          0.          0.          0.          0.
  0.          0.          0.          0.          0.          0.          0.
  0.          0.          0.          0.          0.          0.          0.
  0.          0.          0.          0.          0.          0.          0.
  0.          0.          0.          0.          0.          0.          0.
  0.          0.          0.          0.          0.          0.          0.
  0.          0.          0.          0.          0.          0.
  0.00428571  0.00642857  0.00642857  0.00642857  0.00642857  0.00642857
  0.00642857  0.00642857  0.00642857  0.00428571  0.00642857  0.00857143
  0.00857143  0.00857143  0.00857143  0.00857143  0.00642857  0.00214286
  0.          0.00214286  0.03642857  0.03642857  0.02785714  0.00214286
  0.01285714  0.00214286  0.00214286]
3, SUM = 0.360000 : [ 0.12        0.          0.          0.          0.          0.          0.
  0.          0.          0.          0.          0.          0.          0.
  0.          0.          0.          0.          0.          0.          0.
  0.          0.          0.          0.          0.          0.          0.
  0.          0.          0.          0.          0.          0.          0.
  0.          0.          0.          0.          0.          0.          0.
  0.          0.          0.          0.          0.          0.
  0.00428571  0.00642857  0.00642857  0.00642857  0.00642857  0.00642857
  0.00642857  0.00642857  0.00642857  0.00428571  0.00642857  0.00857143
  0.00857143  0.00857143  0.00857143  0.00857143  0.00642857  0.00214286
  0.          0.00214286  0.03642857  0.03642857  0.02785714  0.00214286
  0.01285714  0.00214286  0.00214286]
2, SUM = 0.360000 : [ 0.12        0.          0.          0.          0.          0.          0.
  0.          0.          0.          0.          0.          0.          0.
  0.          0.          0.          0.          0.          0.          0.
  0.          0.          0.          0.          0.          0.          0.
  0.          0.          0.          0.          0.          0.          0.
  0.          0.          0.          0.          0.          0.          0.
  0.          0.          0.          0.          0.          0.
  0.00428571  0.00642857  0.00642857  0.00642857  0.00642857  0.00642857
  0.00642857  0.00642857  0.00642857  0.00428571  0.00642857  0.00857143
  0.00857143  0.00857143  0.00857143  0.00857143  0.00642857  0.00214286
  0.          0.00214286  0.03642857  0.03642857  0.02785714  0.00214286
  0.01285714  0.00214286  0.00214286]
1, SUM = 0.360000 : [ 0.12        0.          0.          0.          0.          0.          0.
  0.          0.          0.          0.          0.          0.          0.
  0.          0.          0.          0.          0.          0.          0.
  0.          0.          0.          0.          0.          0.          0.
  0.          0.          0.          0.          0.          0.          0.
  0.          0.          0.          0.          0.          0.          0.
  0.          0.          0.          0.          0.          0.
  0.00428571  0.00642857  0.00642857  0.00642857  0.00642857  0.00642857
  0.00642857  0.00642857  0.00642857  0.00428571  0.00642857  0.00857143
  0.00857143  0.00857143  0.00857143  0.00857143  0.00642857  0.00214286
  0.          0.00214286  0.03642857  0.03642857  0.02785714  0.00214286
  0.01285714  0.00214286  0.00214286]
0, SUM = 0.360000 : [ 0.12        0.          0.          0.          0.          0.          0.
  0.          0.          0.          0.          0.          0.          0.
  0.          0.          0.          0.          0.          0.          0.
  0.          0.          0.          0.          0.          0.          0.
  0.          0.          0.          0.          0.          0.          0.
  0.          0.          0.          0.          0.          0.          0.
  0.          0.          0.          0.          0.          0.
  0.00428571  0.00642857  0.00642857  0.00642857  0.00642857  0.00642857
  0.00642857  0.00642857  0.00642857  0.00428571  0.00642857  0.00857143
  0.00857143  0.00857143  0.00857143  0.00857143  0.00642857  0.00214286
  0.          0.00214286  0.03642857  0.03642857  0.02785714  0.00214286
  0.01285714  0.00214286  0.00214286]
