%%MatrixMarket matrix coordinate real general
% file created by pysparse module
128 128 226
1 72 5.0e-001
1 73 5.0e-001
1 74 5.0e-001
1 75 5.0e-001
1 76 5.0e-001
1 77 5.0e-001
1 78 5.0e-001
1 79 5.0e-001
1 80 5.0e-001
1 81 5.0e-001
1 82 5.0e-001
1 83 5.0e-001
1 84 5.0e-001
1 85 5.0e-001
1 86 5.0e-001
1 87 5.0e-001
1 88 5.0e-001
1 89 5.0e-001
1 91 5.0e-001
1 112 5.0e-001
1 113 5.0e-001
1 114 5.0e-001
1 115 5.0e-001
1 116 5.0e-001
1 117 5.0e-001
1 118 5.0e-001
49 93 5.0e-001
49 94 5.0e-001
49 95 5.0e-001
49 96 5.0e-001
49 99 5.0e-001
49 100 5.0e-001
49 101 5.0e-001
49 103 5.0e-001
49 105 5.0e-001
49 106 5.0e-001
49 119 5.0e-001
49 120 5.0e-001
49 121 5.0e-001
49 122 5.0e-001
49 123 5.0e-001
49 124 5.0e-001
49 125 5.0e-001
49 126 5.0e-001
49 127 5.0e-001
49 128 5.0e-001
72 1 1.8e-002
72 112 2.9e-002
72 113 2.9e-002
73 1 2.7e-002
73 112 2.9e-002
73 113 2.9e-002
73 114 3.8e-002
74 1 2.7e-002
74 112 2.9e-002
74 113 2.9e-002
74 114 3.8e-002
75 1 2.7e-002
75 112 2.9e-002
75 113 2.9e-002
75 114 3.8e-002
76 1 2.7e-002
76 112 2.9e-002
76 113 2.9e-002
76 114 3.8e-002
77 1 2.7e-002
77 112 2.9e-002
77 113 2.9e-002
77 114 3.8e-002
78 1 2.7e-002
78 112 2.9e-002
78 113 2.9e-002
78 114 3.8e-002
79 1 2.7e-002
79 112 2.9e-002
79 113 2.9e-002
79 114 3.8e-002
80 1 2.7e-002
80 112 2.9e-002
80 113 2.9e-002
80 114 3.8e-002
81 1 1.8e-002
81 112 2.9e-002
81 113 2.9e-002
82 1 2.7e-002
82 112 2.9e-002
82 113 2.9e-002
82 115 5.0e-001
83 1 3.6e-002
83 112 2.9e-002
83 113 2.9e-002
83 114 3.8e-002
83 116 8.3e-002
84 1 3.6e-002
84 112 2.9e-002
84 113 2.9e-002
84 114 3.8e-002
84 116 8.3e-002
85 1 3.6e-002
85 112 2.9e-002
85 113 2.9e-002
85 114 3.8e-002
85 116 8.3e-002
86 1 3.6e-002
86 112 2.9e-002
86 113 2.9e-002
86 114 3.8e-002
86 116 8.3e-002
87 1 3.6e-002
87 112 2.9e-002
87 113 2.9e-002
87 114 3.8e-002
87 116 8.3e-002
88 1 2.7e-002
88 112 2.9e-002
88 113 2.9e-002
88 116 8.3e-002
89 1 8.9e-003
89 117 5.0e-001
91 1 8.9e-003
91 118 5.0e-001
93 49 4.5e-002
93 119 5.0e-001
94 49 4.5e-002
94 120 5.0e-001
95 49 4.5e-002
95 121 5.0e-001
96 49 4.5e-002
96 122 5.0e-001
99 49 4.5e-002
99 123 2.5e-001
100 49 4.5e-002
100 123 2.5e-001
101 49 4.5e-002
101 124 5.0e-001
103 49 4.5e-002
103 125 5.0e-001
105 49 9.1e-002
105 126 5.0e-001
105 127 5.0e-001
106 49 4.5e-002
106 128 5.0e-001
112 1 1.5e-001
112 72 2.5e-001
112 73 1.7e-001
112 74 1.7e-001
112 75 1.7e-001
112 76 1.7e-001
112 77 1.7e-001
112 78 1.7e-001
112 79 1.7e-001
112 80 1.7e-001
112 81 2.5e-001
112 82 1.7e-001
112 83 1.3e-001
112 84 1.3e-001
112 85 1.3e-001
112 86 1.3e-001
112 87 1.3e-001
112 88 1.7e-001
113 1 1.5e-001
113 72 2.5e-001
113 73 1.7e-001
113 74 1.7e-001
113 75 1.7e-001
113 76 1.7e-001
113 77 1.7e-001
113 78 1.7e-001
113 79 1.7e-001
113 80 1.7e-001
113 81 2.5e-001
113 82 1.7e-001
113 83 1.3e-001
113 84 1.3e-001
113 85 1.3e-001
113 86 1.3e-001
113 87 1.3e-001
113 88 1.7e-001
114 1 1.2e-001
114 73 1.7e-001
114 74 1.7e-001
114 75 1.7e-001
114 76 1.7e-001
114 77 1.7e-001
114 78 1.7e-001
114 79 1.7e-001
114 80 1.7e-001
114 83 1.3e-001
114 84 1.3e-001
114 85 1.3e-001
114 86 1.3e-001
114 87 1.3e-001
115 1 8.9e-003
115 82 1.7e-001
116 1 5.4e-002
116 83 1.3e-001
116 84 1.3e-001
116 85 1.3e-001
116 86 1.3e-001
116 87 1.3e-001
116 88 1.7e-001
117 1 8.9e-003
117 89 5.0e-001
118 1 8.9e-003
118 91 5.0e-001
119 49 4.5e-002
119 93 5.0e-001
120 49 4.5e-002
120 94 5.0e-001
121 49 4.5e-002
121 95 5.0e-001
122 49 4.5e-002
122 96 5.0e-001
123 49 9.1e-002
123 99 5.0e-001
123 100 5.0e-001
124 49 4.5e-002
124 101 5.0e-001
125 49 4.5e-002
125 103 5.0e-001
126 49 4.5e-002
126 105 2.5e-001
127 49 4.5e-002
127 105 2.5e-001
128 49 4.5e-002
128 106 5.0e-001
