P 50, SUM = 0.996875 : [ 0.003125  0.003125  0.003125  0.003125  0.003125  0.003125  0.003125
  0.003125  0.003125  0.003125  0.003125  0.003125  0.003125  0.003125
  0.003125  0.003125  0.003125  0.003125  0.003125  0.003125  0.003125
  0.003125  0.003125  0.003125  0.003125  0.003125  0.003125  0.003125
  0.003125  0.003125  0.003125  0.003125  0.003125  0.003125  0.003125
  0.003125  0.003125  0.003125  0.003125  0.003125  0.003125  0.003125
  0.003125  0.003125  0.003125  0.003125  0.003125  0.003125  0.003125
  0.003125  0.003125  0.003125  0.003125  0.003125  0.003125  0.003125
  0.003125  0.003125  0.003125  0.003125  0.003125  0.003125  0.003125
  0.003125  0.003125  0.003125  0.003125  0.003125  0.003125  0.003125
  0.003125  0.003125  0.003125  0.003125  0.003125  0.003125  0.003125
  0.003125  0.003125  0.003125  0.003125  0.003125  0.003125  0.003125
  0.003125  0.003125  0.003125  0.003125  0.003125  0.003125  0.003125
  0.003125  0.003125  0.003125  0.003125  0.003125  0.003125  0.003125
  0.003125  0.003125  0.003125  0.003125  0.003125  0.003125  0.003125
  0.003125  0.003125  0.003125  0.003125  0.003125  0.003125  0.003125
  0.003125  0.003125  0.003125  0.003125  0.003125  0.003125  0.6       0.003125
  0.003125  0.003125  0.003125  0.003125  0.003125  0.003125  0.003125
  0.003125]
50, SUM = 1.000000 : [ 0.0078125  0.0078125  0.0078125  0.0078125  0.0078125  0.0078125
  0.0078125  0.0078125  0.0078125  0.0078125  0.0078125  0.0078125
  0.0078125  0.0078125  0.0078125  0.0078125  0.0078125  0.0078125
  0.0078125  0.0078125  0.0078125  0.0078125  0.0078125  0.0078125
  0.0078125  0.0078125  0.0078125  0.0078125  0.0078125  0.0078125
  0.0078125  0.0078125  0.0078125  0.0078125  0.0078125  0.0078125
  0.0078125  0.0078125  0.0078125  0.0078125  0.0078125  0.0078125
  0.0078125  0.0078125  0.0078125  0.0078125  0.0078125  0.0078125
  0.0078125  0.0078125  0.0078125  0.0078125  0.0078125  0.0078125
  0.0078125  0.0078125  0.0078125  0.0078125  0.0078125  0.0078125
  0.0078125  0.0078125  0.0078125  0.0078125  0.0078125  0.0078125
  0.0078125  0.0078125  0.0078125  0.0078125  0.0078125  0.0078125
  0.0078125  0.0078125  0.0078125  0.0078125  0.0078125  0.0078125
  0.0078125  0.0078125  0.0078125  0.0078125  0.0078125  0.0078125
  0.0078125  0.0078125  0.0078125  0.0078125  0.0078125  0.0078125
  0.0078125  0.0078125  0.0078125  0.0078125  0.0078125  0.0078125
  0.0078125  0.0078125  0.0078125  0.0078125  0.0078125  0.0078125
  0.0078125  0.0078125  0.0078125  0.0078125  0.0078125  0.0078125
  0.0078125  0.0078125  0.0078125  0.0078125  0.0078125  0.0078125
  0.0078125  0.0078125  0.0078125  0.0078125  0.0078125  0.0078125
  0.0078125  0.0078125  0.0078125  0.0078125  0.0078125  0.0078125
  0.0078125  0.0078125]
49, SUM = 0.530469 : [ 0.07695312  0.00078125  0.00078125  0.00078125  0.00078125  0.00078125
  0.00078125  0.00078125  0.00078125  0.00078125  0.00078125  0.00078125
  0.00078125  0.00078125  0.00078125  0.00078125  0.00078125  0.00078125
  0.00078125  0.00078125  0.00078125  0.00078125  0.00078125  0.00078125
  0.00078125  0.00078125  0.00078125  0.00078125  0.00078125  0.00078125
  0.00078125  0.00078125  0.00078125  0.00078125  0.00078125  0.00078125
  0.00078125  0.00078125  0.00078125  0.00078125  0.00078125  0.00078125
  0.00078125  0.00078125  0.00078125  0.00078125  0.00078125  0.00078125
  0.059375    0.00078125  0.00078125  0.00078125  0.00078125  0.00078125
  0.00078125  0.00078125  0.00078125  0.00078125  0.00078125  0.00078125
  0.00078125  0.00078125  0.00078125  0.00078125  0.00078125  0.00078125
  0.00078125  0.00078125  0.00078125  0.00078125  0.00078125  0.00123055
  0.00150823  0.00150823  0.00150823  0.00150823  0.00150823  0.00150823
  0.00150823  0.00150823  0.00123055  0.00421255  0.00204882  0.00204882
  0.00204882  0.00204882  0.00204882  0.00177115  0.00376325  0.00078125
  0.00376325  0.00078125  0.00397727  0.00397727  0.00397727  0.00397727
  0.00078125  0.00078125  0.00251243  0.00251243  0.00397727  0.00078125
  0.00397727  0.00078125  0.0071733   0.00397727  0.00078125  0.00078125
  0.00078125  0.00078125  0.00078125  0.01802804  0.01802804  0.01293597
  0.00181013  0.00573382  0.00376325  0.00376325  0.15319602  0.00397727
  0.00397727  0.00397727  0.0071733   0.00397727  0.00397727  0.00251243
  0.00251243  0.00397727]
48, SUM = 0.600195 : [ 0.03916016  0.00078125  0.00078125  0.00078125  0.00078125  0.00078125
  0.00078125  0.00078125  0.00078125  0.00078125  0.00078125  0.00078125
  0.00078125  0.00078125  0.00078125  0.00078125  0.00078125  0.00078125
  0.00078125  0.00078125  0.00078125  0.00078125  0.00078125  0.00078125
  0.00078125  0.00078125  0.00078125  0.00078125  0.00078125  0.00078125
  0.00078125  0.00078125  0.00078125  0.00078125  0.00078125  0.00078125
  0.00078125  0.00078125  0.00078125  0.00078125  0.00078125  0.00078125
  0.00078125  0.00078125  0.00078125  0.00078125  0.00078125  0.00078125
  0.08676758  0.00078125  0.00078125  0.00078125  0.00078125  0.00078125
  0.00078125  0.00078125  0.00078125  0.00078125  0.00078125  0.00078125
  0.00078125  0.00078125  0.00078125  0.00078125  0.00078125  0.00078125
  0.00078125  0.00078125  0.00078125  0.00078125  0.00078125  0.00260723
  0.00349569  0.00349569  0.00349569  0.00349569  0.00349569  0.00349569
  0.00349569  0.00349569  0.00260723  0.00380134  0.00436937  0.00436937
  0.00436937  0.00436937  0.00436937  0.0034809   0.00270778  0.00078125
  0.00270778  0.00078125  0.06025391  0.00429687  0.00429687  0.00429687
  0.00078125  0.00078125  0.00415039  0.00415039  0.00429687  0.00078125
  0.00429687  0.00078125  0.00671387  0.00429687  0.00078125  0.00078125
  0.00078125  0.00078125  0.00078125  0.01321957  0.01321957  0.00994891
  0.00182313  0.0050549   0.00270778  0.00270778  0.15351562  0.00429687
  0.00429687  0.00429687  0.00671387  0.00429687  0.00429687  0.00415039
  0.00415039  0.00429687]
47, SUM = 0.652490 : [ 0.04443359  0.00078125  0.00078125  0.00078125  0.00078125  0.00078125
  0.00078125  0.00078125  0.00078125  0.00078125  0.00078125  0.00078125
  0.00078125  0.00078125  0.00078125  0.00078125  0.00078125  0.00078125
  0.00078125  0.00078125  0.00078125  0.00078125  0.00078125  0.00078125
  0.00078125  0.00078125  0.00078125  0.00078125  0.00078125  0.00078125
  0.00078125  0.00078125  0.00078125  0.00078125  0.00078125  0.00078125
  0.00078125  0.00078125  0.00078125  0.00078125  0.00078125  0.00078125
  0.00078125  0.00078125  0.00078125  0.00078125  0.00078125  0.00078125
  0.11154175  0.00078125  0.00078125  0.00078125  0.00078125  0.00078125
  0.00078125  0.00078125  0.00078125  0.00078125  0.00078125  0.00078125
  0.00078125  0.00078125  0.00078125  0.00078125  0.00078125  0.00078125
  0.00078125  0.00078125  0.00078125  0.00078125  0.00078125  0.00188893
  0.00243815  0.00243815  0.00243815  0.00243815  0.00243815  0.00243815
  0.00243815  0.00243815  0.00188893  0.00283484  0.00301632  0.00301632
  0.00301632  0.00301632  0.00301632  0.0024671   0.0020589   0.00078125
  0.0020589   0.00078125  0.06130759  0.00535056  0.00535056  0.00535056
  0.00078125  0.00078125  0.00499809  0.00499809  0.00535056  0.00078125
  0.00535056  0.00078125  0.00981001  0.00535056  0.00078125  0.00078125
  0.00078125  0.00078125  0.00078125  0.01267104  0.01267104  0.00973411
  0.00151865  0.0048379   0.0020589   0.0020589   0.1755532   0.00535056
  0.00535056  0.00535056  0.00981001  0.00535056  0.00535056  0.00499809
  0.00499809  0.00535056]
46, SUM = 0.691711 : [ 0.03578186  0.00078125  0.00078125  0.00078125  0.00078125  0.00078125
  0.00078125  0.00078125  0.00078125  0.00078125  0.00078125  0.00078125
  0.00078125  0.00078125  0.00078125  0.00078125  0.00078125  0.00078125
  0.00078125  0.00078125  0.00078125  0.00078125  0.00078125  0.00078125
  0.00078125  0.00078125  0.00078125  0.00078125  0.00078125  0.00078125
  0.00078125  0.00078125  0.00078125  0.00078125  0.00078125  0.00078125
  0.00078125  0.00078125  0.00078125  0.00078125  0.00078125  0.00078125
  0.00078125  0.00078125  0.00078125  0.00078125  0.00078125  0.00078125
  0.12853622  0.00078125  0.00078125  0.00078125  0.00078125  0.00078125
  0.00078125  0.00078125  0.00078125  0.00078125  0.00078125  0.00078125
  0.00078125  0.00078125  0.00078125  0.00078125  0.00078125  0.00078125
  0.00078125  0.00078125  0.00078125  0.00078125  0.00078125  0.00193536
  0.0025137   0.0025137   0.0025137   0.0025137   0.0025137   0.0025137
  0.0025137   0.0025137   0.00193536  0.0028024   0.00311361  0.00311361
  0.00311361  0.00311361  0.00311361  0.00253527  0.00185088  0.00078125
  0.00185088  0.00078125  0.07041626  0.00659027  0.00659027  0.00659027
  0.00078125  0.00078125  0.00642319  0.00642319  0.00659027  0.00078125
  0.00659027  0.00078125  0.01213493  0.00659027  0.00078125  0.00078125
  0.00078125  0.00078125  0.00078125  0.01106268  0.01106268  0.00850141
  0.00143315  0.00428881  0.00185088  0.00185088  0.17679291  0.00659027
  0.00659027  0.00659027  0.01213493  0.00659027  0.00659027  0.00642319
  0.00642319  0.00659027]
45, SUM = 0.721127 : [ 0.03402061  0.00078125  0.00078125  0.00078125  0.00078125  0.00078125
  0.00078125  0.00078125  0.00078125  0.00078125  0.00078125  0.00078125
  0.00078125  0.00078125  0.00078125  0.00078125  0.00078125  0.00078125
  0.00078125  0.00078125  0.00078125  0.00078125  0.00078125  0.00078125
  0.00078125  0.00078125  0.00078125  0.00078125  0.00078125  0.00078125
  0.00078125  0.00078125  0.00078125  0.00078125  0.00078125  0.00078125
  0.00078125  0.00078125  0.00078125  0.00078125  0.00078125  0.00078125
  0.00078125  0.00078125  0.00078125  0.00078125  0.00078125  0.00078125
  0.14187689  0.00078125  0.00078125  0.00078125  0.00078125  0.00078125
  0.00078125  0.00078125  0.00078125  0.00078125  0.00078125  0.00078125
  0.00078125  0.00078125  0.00078125  0.00078125  0.00078125  0.00078125
  0.00078125  0.00078125  0.00078125  0.00078125  0.00078125  0.00174853
  0.00223337  0.00223337  0.00223337  0.00223337  0.00223337  0.00223337
  0.00223337  0.00223337  0.00174853  0.00252557  0.00274104  0.00274104
  0.00274104  0.00274104  0.00274104  0.00225619  0.00171494  0.00078125
  0.00171494  0.00078125  0.07146051  0.00763452  0.00763452  0.00763452
  0.00078125  0.00078125  0.00743847  0.00743847  0.00763452  0.00078125
  0.00763452  0.00078125  0.01436247  0.00763452  0.00078125  0.00078125
  0.00078125  0.00078125  0.00078125  0.0102208   0.0102208   0.00786939
  0.00137116  0.00399533  0.00171494  0.00171494  0.18078801  0.00763452
  0.00763452  0.00763452  0.01436247  0.00763452  0.00763452  0.00743847
  0.00743847  0.00763452]
44, SUM = 0.743189 : [ 0.03092685  0.00078125  0.00078125  0.00078125  0.00078125  0.00078125
  0.00078125  0.00078125  0.00078125  0.00078125  0.00078125  0.00078125
  0.00078125  0.00078125  0.00078125  0.00078125  0.00078125  0.00078125
  0.00078125  0.00078125  0.00078125  0.00078125  0.00078125  0.00078125
  0.00078125  0.00078125  0.00078125  0.00078125  0.00078125  0.00078125
  0.00078125  0.00078125  0.00078125  0.00078125  0.00078125  0.00078125
  0.00078125  0.00078125  0.00078125  0.00078125  0.00078125  0.00078125
  0.00078125  0.00078125  0.00078125  0.00078125  0.00078125  0.00078125
  0.15165933  0.00078125  0.00078125  0.00078125  0.00078125  0.00078125
  0.00078125  0.00078125  0.00078125  0.00078125  0.00078125  0.00078125
  0.00078125  0.00078125  0.00078125  0.00078125  0.00078125  0.00078125
  0.00078125  0.00078125  0.00078125  0.00078125  0.00078125  0.0016878
  0.00214262  0.00214262  0.00214262  0.00214262  0.00214262  0.00214262
  0.00214262  0.00214262  0.0016878   0.0024298   0.00262014  0.00262014
  0.00262014  0.00262014  0.00262014  0.00216533  0.00165217  0.00078125
  0.00165217  0.00078125  0.07341347  0.00848091  0.00848091  0.00848091
  0.00078125  0.00078125  0.00831093  0.00831093  0.00848091  0.00078125
  0.00848091  0.00078125  0.01603352  0.00848091  0.00078125  0.00078125
  0.00078125  0.00078125  0.00078125  0.00942579  0.00942579  0.0072611
  0.00132476  0.00371503  0.00165217  0.00165217  0.1816344   0.00848091
  0.00848091  0.00848091  0.01603352  0.00848091  0.00848091  0.00831093
  0.00831093  0.00848091]
43, SUM = 0.759736 : [ 0.02927133  0.00078125  0.00078125  0.00078125  0.00078125  0.00078125
  0.00078125  0.00078125  0.00078125  0.00078125  0.00078125  0.00078125
  0.00078125  0.00078125  0.00078125  0.00078125  0.00078125  0.00078125
  0.00078125  0.00078125  0.00078125  0.00078125  0.00078125  0.00078125
  0.00078125  0.00078125  0.00078125  0.00078125  0.00078125  0.00078125
  0.00078125  0.00078125  0.00078125  0.00078125  0.00078125  0.00078125
  0.00078125  0.00078125  0.00078125  0.00078125  0.00078125  0.00078125
  0.00078125  0.00078125  0.00078125  0.00078125  0.00078125  0.00078125
  0.15907981  0.00078125  0.00078125  0.00078125  0.00078125  0.00078125
  0.00078125  0.00078125  0.00078125  0.00078125  0.00078125  0.00078125
  0.00078125  0.00078125  0.00078125  0.00078125  0.00078125  0.00078125
  0.00078125  0.00078125  0.00078125  0.00078125  0.00078125  0.00161129
  0.00202785  0.00202785  0.00202785  0.00202785  0.00202785  0.00202785
  0.00202785  0.00202785  0.00161129  0.00231518  0.00246714  0.00246714
  0.00246714  0.00246714  0.00246714  0.00205058  0.00160791  0.00078125
  0.00160791  0.00078125  0.07406436  0.00913179  0.00913179  0.00913179
  0.00078125  0.00078125  0.00895774  0.00895774  0.00913179  0.00078125
  0.00913179  0.00078125  0.01735485  0.00913179  0.00078125  0.00078125
  0.00078125  0.00078125  0.00078125  0.00888007  0.00888007  0.00684435
  0.00129207  0.0035227   0.00160791  0.00160791  0.18270025  0.00913179
  0.00913179  0.00913179  0.01735485  0.00913179  0.00913179  0.00895774
  0.00895774  0.00913179]
42, SUM = 0.772146 : [ 0.0277804   0.00078125  0.00078125  0.00078125  0.00078125  0.00078125
  0.00078125  0.00078125  0.00078125  0.00078125  0.00078125  0.00078125
  0.00078125  0.00078125  0.00078125  0.00078125  0.00078125  0.00078125
  0.00078125  0.00078125  0.00078125  0.00078125  0.00078125  0.00078125
  0.00078125  0.00078125  0.00078125  0.00078125  0.00078125  0.00078125
  0.00078125  0.00078125  0.00078125  0.00078125  0.00078125  0.00078125
  0.00078125  0.00078125  0.00078125  0.00078125  0.00078125  0.00078125
  0.00078125  0.00078125  0.00078125  0.00078125  0.00078125  0.00078125
  0.1646138   0.00078125  0.00078125  0.00078125  0.00078125  0.00078125
  0.00078125  0.00078125  0.00078125  0.00078125  0.00078125  0.00078125
  0.00078125  0.00078125  0.00078125  0.00078125  0.00078125  0.00078125
  0.00078125  0.00078125  0.00078125  0.00078125  0.00078125  0.00156504
  0.00195849  0.00195849  0.00195849  0.00195849  0.00195849  0.00195849
  0.00195849  0.00195849  0.00156504  0.00224559  0.00237467  0.00237467
  0.00237467  0.00237467  0.00237467  0.00198123  0.00158023  0.00078125
  0.00158023  0.00078125  0.07471702  0.00962885  0.00962885  0.00962885
  0.00078125  0.00078125  0.00945846  0.00945846  0.00962885  0.00078125
  0.00962885  0.00078125  0.01834591  0.00962885  0.00078125  0.00078125
  0.00078125  0.00078125  0.00078125  0.00844775  0.00844775  0.00651374
  0.00126666  0.00337012  0.00158023  0.00158023  0.18319731  0.00962885
  0.00962885  0.00962885  0.01834591  0.00962885  0.00962885  0.00945846
  0.00945846  0.00962885]
41, SUM = 0.781453 : [ 0.02675568  0.00078125  0.00078125  0.00078125  0.00078125  0.00078125
  0.00078125  0.00078125  0.00078125  0.00078125  0.00078125  0.00078125
  0.00078125  0.00078125  0.00078125  0.00078125  0.00078125  0.00078125
  0.00078125  0.00078125  0.00078125  0.00078125  0.00078125  0.00078125
  0.00078125  0.00078125  0.00078125  0.00078125  0.00078125  0.00078125
  0.00078125  0.00078125  0.00078125  0.00078125  0.00078125  0.00078125
  0.00078125  0.00078125  0.00078125  0.00078125  0.00078125  0.00078125
  0.00078125  0.00078125  0.00078125  0.00078125  0.00078125  0.00078125
  0.16877606  0.00078125  0.00078125  0.00078125  0.00078125  0.00078125
  0.00078125  0.00078125  0.00078125  0.00078125  0.00078125  0.00078125
  0.00078125  0.00078125  0.00078125  0.00078125  0.00078125  0.00078125
  0.00078125  0.00078125  0.00078125  0.00078125  0.00078125  0.001526
  0.00189993  0.00189993  0.00189993  0.00189993  0.00189993  0.00189993
  0.00189993  0.00189993  0.001526    0.00218703  0.00229659  0.00229659
  0.00229659  0.00229659  0.00229659  0.00192267  0.00155987  0.00078125
  0.00155987  0.00078125  0.07509208  0.0100039   0.0100039   0.0100039
  0.00078125  0.00078125  0.00983294  0.00983294  0.0100039   0.00078125
  0.0100039   0.00078125  0.01909876  0.0100039   0.00078125  0.00078125
  0.00078125  0.00078125  0.00078125  0.00813061  0.00813061  0.00627125
  0.00124798  0.00325821  0.00155987  0.00155987  0.18363072  0.0100039
  0.0100039   0.0100039   0.01909876  0.0100039   0.0100039   0.00983294
  0.00983294  0.0100039 ]
40, SUM = 0.788433 : [ 0.02595208  0.00078125  0.00078125  0.00078125  0.00078125  0.00078125
  0.00078125  0.00078125  0.00078125  0.00078125  0.00078125  0.00078125
  0.00078125  0.00078125  0.00078125  0.00078125  0.00078125  0.00078125
  0.00078125  0.00078125  0.00078125  0.00078125  0.00078125  0.00078125
  0.00078125  0.00078125  0.00078125  0.00078125  0.00078125  0.00078125
  0.00078125  0.00078125  0.00078125  0.00078125  0.00078125  0.00078125
  0.00078125  0.00078125  0.00078125  0.00078125  0.00078125  0.00078125
  0.00078125  0.00078125  0.00078125  0.00078125  0.00078125  0.00078125
  0.17189334  0.00078125  0.00078125  0.00078125  0.00078125  0.00078125
  0.00078125  0.00078125  0.00078125  0.00078125  0.00078125  0.00078125
  0.00078125  0.00078125  0.00078125  0.00078125  0.00078125  0.00078125
  0.00078125  0.00078125  0.00078125  0.00078125  0.00078125  0.00149829
  0.00185836  0.00185836  0.00185836  0.00185836  0.00185836  0.00185836
  0.00185836  0.00185836  0.00149829  0.00214545  0.00224116  0.00224116
  0.00224116  0.00224116  0.00224116  0.00188109  0.00154537  0.00078125
  0.00154537  0.00078125  0.0753965   0.01028644  0.01028644  0.01028644
  0.00078125  0.00078125  0.010116    0.010116    0.01028644  0.00078125
  0.01028644  0.00078125  0.01966341  0.01028644  0.00078125  0.00078125
  0.00078125  0.00078125  0.00078125  0.00788952  0.00788952  0.00608688
  0.0012338   0.00317312  0.00154537  0.00154537  0.18391326  0.01028644
  0.01028644  0.01028644  0.01966341  0.01028644  0.01028644  0.010116
  0.010116    0.01028644]
39, SUM = 0.793669 : [ 0.02536254  0.00078125  0.00078125  0.00078125  0.00078125  0.00078125
  0.00078125  0.00078125  0.00078125  0.00078125  0.00078125  0.00078125
  0.00078125  0.00078125  0.00078125  0.00078125  0.00078125  0.00078125
  0.00078125  0.00078125  0.00078125  0.00078125  0.00078125  0.00078125
  0.00078125  0.00078125  0.00078125  0.00078125  0.00078125  0.00078125
  0.00078125  0.00078125  0.00078125  0.00078125  0.00078125  0.00078125
  0.00078125  0.00078125  0.00078125  0.00078125  0.00078125  0.00078125
  0.00078125  0.00078125  0.00078125  0.00078125  0.00078125  0.00078125
  0.17423296  0.00078125  0.00078125  0.00078125  0.00078125  0.00078125
  0.00078125  0.00078125  0.00078125  0.00078125  0.00078125  0.00078125
  0.00078125  0.00078125  0.00078125  0.00078125  0.00078125  0.00078125
  0.00078125  0.00078125  0.00078125  0.00078125  0.00078125  0.00147689
  0.00182626  0.00182626  0.00182626  0.00182626  0.00182626  0.00182626
  0.00182626  0.00182626  0.00147689  0.00211335  0.00219837  0.00219837
  0.00219837  0.00219837  0.00219837  0.001849    0.00153455  0.00078125
  0.00153455  0.00078125  0.07560872  0.01049867  0.01049867  0.01049867
  0.00078125  0.00078125  0.01032814  0.01032814  0.01049867  0.00078125
  0.01049867  0.00078125  0.02008825  0.01049867  0.00078125  0.00078125
  0.00078125  0.00078125  0.00078125  0.0077097   0.0077097   0.00594937
  0.00122322  0.00310965  0.00153455  0.00153455  0.18413369  0.01049867
  0.01049867  0.01049867  0.02008825  0.01049867  0.01049867  0.01032814
  0.01032814  0.01049867]
38, SUM = 0.797595 : [ 0.02491544  0.00078125  0.00078125  0.00078125  0.00078125  0.00078125
  0.00078125  0.00078125  0.00078125  0.00078125  0.00078125  0.00078125
  0.00078125  0.00078125  0.00078125  0.00078125  0.00078125  0.00078125
  0.00078125  0.00078125  0.00078125  0.00078125  0.00078125  0.00078125
  0.00078125  0.00078125  0.00078125  0.00078125  0.00078125  0.00078125
  0.00078125  0.00078125  0.00078125  0.00078125  0.00078125  0.00078125
  0.00078125  0.00078125  0.00078125  0.00078125  0.00078125  0.00078125
  0.00078125  0.00078125  0.00078125  0.00078125  0.00078125  0.00078125
  0.17598705  0.00078125  0.00078125  0.00078125  0.00078125  0.00078125
  0.00078125  0.00078125  0.00078125  0.00078125  0.00078125  0.00078125
  0.00078125  0.00078125  0.00078125  0.00078125  0.00078125  0.00078125
  0.00078125  0.00078125  0.00078125  0.00078125  0.00078125  0.00146106
  0.00180252  0.00180252  0.00180252  0.00180252  0.00180252  0.00180252
  0.00180252  0.00180252  0.00146106  0.00208961  0.00216671  0.00216671
  0.00216671  0.00216671  0.00216671  0.00182525  0.00152654  0.00078125
  0.00152654  0.00078125  0.07577114  0.01065801  0.01065801  0.01065801
  0.00078125  0.00078125  0.01048756  0.01048756  0.01065801  0.00078125
  0.01065801  0.00078125  0.02040688  0.01065801  0.00078125  0.00078125
  0.00078125  0.00078125  0.00078125  0.00757437  0.00757437  0.00584589
  0.00121526  0.00306189  0.00152654  0.00152654  0.18429303  0.01065801
  0.01065801  0.01065801  0.02040688  0.01065801  0.01065801  0.01048756
  0.01048756  0.01065801]
37, SUM = 0.800540 : [ 0.02458197  0.00078125  0.00078125  0.00078125  0.00078125  0.00078125
  0.00078125  0.00078125  0.00078125  0.00078125  0.00078125  0.00078125
  0.00078125  0.00078125  0.00078125  0.00078125  0.00078125  0.00078125
  0.00078125  0.00078125  0.00078125  0.00078125  0.00078125  0.00078125
  0.00078125  0.00078125  0.00078125  0.00078125  0.00078125  0.00078125
  0.00078125  0.00078125  0.00078125  0.00078125  0.00078125  0.00078125
  0.00078125  0.00078125  0.00078125  0.00078125  0.00078125  0.00078125
  0.00078125  0.00078125  0.00078125  0.00078125  0.00078125  0.00078125
  0.17730285  0.00078125  0.00078125  0.00078125  0.00078125  0.00078125
  0.00078125  0.00078125  0.00078125  0.00078125  0.00078125  0.00078125
  0.00078125  0.00078125  0.00078125  0.00078125  0.00078125  0.00078125
  0.00078125  0.00078125  0.00078125  0.00078125  0.00078125  0.0014491
  0.00178458  0.00178458  0.00178458  0.00178458  0.00178458  0.00178458
  0.00178458  0.00178458  0.0014491   0.00207167  0.00214279  0.00214279
  0.00214279  0.00214279  0.00214279  0.00180731  0.00152055  0.00078125
  0.00152055  0.00078125  0.0758907   0.01077756  0.01077756  0.01077756
  0.00078125  0.00078125  0.0106071   0.0106071   0.01077756  0.00078125
  0.01077756  0.00078125  0.02064603  0.01077756  0.00078125  0.00078125
  0.00078125  0.00078125  0.00078125  0.00747302  0.00747302  0.00576839
  0.0012093   0.00302612  0.00152055  0.00152055  0.18441374  0.01077756
  0.01077756  0.01077756  0.02064603  0.01077756  0.01077756  0.0106071
  0.0106071   0.01077756]
36, SUM = 0.802749 : [ 0.02433118  0.00078125  0.00078125  0.00078125  0.00078125  0.00078125
  0.00078125  0.00078125  0.00078125  0.00078125  0.00078125  0.00078125
  0.00078125  0.00078125  0.00078125  0.00078125  0.00078125  0.00078125
  0.00078125  0.00078125  0.00078125  0.00078125  0.00078125  0.00078125
  0.00078125  0.00078125  0.00078125  0.00078125  0.00078125  0.00078125
  0.00078125  0.00078125  0.00078125  0.00078125  0.00078125  0.00078125
  0.00078125  0.00078125  0.00078125  0.00078125  0.00078125  0.00078125
  0.00078125  0.00078125  0.00078125  0.00078125  0.00078125  0.00078125
  0.17828961  0.00078125  0.00078125  0.00078125  0.00078125  0.00078125
  0.00078125  0.00078125  0.00078125  0.00078125  0.00078125  0.00078125
  0.00078125  0.00078125  0.00078125  0.00078125  0.00078125  0.00078125
  0.00078125  0.00078125  0.00078125  0.00078125  0.00078125  0.00144016
  0.00177117  0.00177117  0.00177117  0.00177117  0.00177117  0.00177117
  0.00177117  0.00177117  0.00144016  0.00205826  0.00212492  0.00212492
  0.00212492  0.00212492  0.00212492  0.00179391  0.00151607  0.00078125
  0.00151607  0.00078125  0.07598082  0.01086725  0.01086725  0.01086725
  0.00078125  0.00078125  0.0106968   0.0106968   0.01086725  0.00078125
  0.01086725  0.00078125  0.0208254   0.01086725  0.00078125  0.00078125
  0.00078125  0.00078125  0.00078125  0.00739694  0.00739694  0.00571021
  0.00120482  0.00299927  0.00151607  0.00151607  0.18450343  0.01086725
  0.01086725  0.01086725  0.0208254   0.01086725  0.01086725  0.0106968
  0.0106968   0.01086725]
35, SUM = 0.804405 : [ 0.02414334  0.00078125  0.00078125  0.00078125  0.00078125  0.00078125
  0.00078125  0.00078125  0.00078125  0.00078125  0.00078125  0.00078125
  0.00078125  0.00078125  0.00078125  0.00078125  0.00078125  0.00078125
  0.00078125  0.00078125  0.00078125  0.00078125  0.00078125  0.00078125
  0.00078125  0.00078125  0.00078125  0.00078125  0.00078125  0.00078125
  0.00078125  0.00078125  0.00078125  0.00078125  0.00078125  0.00078125
  0.00078125  0.00078125  0.00078125  0.00078125  0.00078125  0.00078125
  0.00078125  0.00078125  0.00078125  0.00078125  0.00078125  0.00078125
  0.17902972  0.00078125  0.00078125  0.00078125  0.00078125  0.00078125
  0.00078125  0.00078125  0.00078125  0.00078125  0.00078125  0.00078125
  0.00078125  0.00078125  0.00078125  0.00078125  0.00078125  0.00078125
  0.00078125  0.00078125  0.00078125  0.00078125  0.00078125  0.00143345
  0.0017611   0.0017611   0.0017611   0.0017611   0.0017611   0.0017611
  0.0017611   0.0017611   0.00143345  0.00204819  0.00211149  0.00211149
  0.00211149  0.00211149  0.00211149  0.00178384  0.00151271  0.00078125
  0.00151271  0.00078125  0.07604809  0.01093452  0.01093452  0.01093452
  0.00078125  0.00078125  0.01076407  0.01076407  0.01093452  0.00078125
  0.01093452  0.00078125  0.02095996  0.01093452  0.00078125  0.00078125
  0.00078125  0.00078125  0.00078125  0.0073399   0.0073399   0.00566659
  0.00120146  0.00297913  0.00151271  0.00151271  0.18457086  0.01093452
  0.01093452  0.01093452  0.02095996  0.01093452  0.01093452  0.01076407
  0.01076407  0.01093452]
34, SUM = 0.805648 : [ 0.02400236  0.00078125  0.00078125  0.00078125  0.00078125  0.00078125
  0.00078125  0.00078125  0.00078125  0.00078125  0.00078125  0.00078125
  0.00078125  0.00078125  0.00078125  0.00078125  0.00078125  0.00078125
  0.00078125  0.00078125  0.00078125  0.00078125  0.00078125  0.00078125
  0.00078125  0.00078125  0.00078125  0.00078125  0.00078125  0.00078125
  0.00078125  0.00078125  0.00078125  0.00078125  0.00078125  0.00078125
  0.00078125  0.00078125  0.00078125  0.00078125  0.00078125  0.00078125
  0.00078125  0.00078125  0.00078125  0.00078125  0.00078125  0.00078125
  0.17958479  0.00078125  0.00078125  0.00078125  0.00078125  0.00078125
  0.00078125  0.00078125  0.00078125  0.00078125  0.00078125  0.00078125
  0.00078125  0.00078125  0.00078125  0.00078125  0.00078125  0.00078125
  0.00078125  0.00078125  0.00078125  0.00078125  0.00078125  0.00142842
  0.00175355  0.00175355  0.00175355  0.00175355  0.00175355  0.00175355
  0.00175355  0.00175355  0.00142842  0.00204064  0.00210142  0.00210142
  0.00210142  0.00210142  0.00210142  0.00177629  0.00151019  0.00078125
  0.00151019  0.00078125  0.07609861  0.01098498  0.01098498  0.01098498
  0.00078125  0.00078125  0.01081453  0.01081453  0.01098498  0.00078125
  0.01098498  0.00078125  0.02106087  0.01098498  0.00078125  0.00078125
  0.00078125  0.00078125  0.00078125  0.00729712  0.00729712  0.00563387
  0.00119895  0.00296403  0.00151019  0.00151019  0.18462132  0.01098498
  0.01098498  0.01098498  0.02106087  0.01098498  0.01098498  0.01081453
  0.01081453  0.01098498]
33, SUM = 0.806580 : [ 0.02389667  0.00078125  0.00078125  0.00078125  0.00078125  0.00078125
  0.00078125  0.00078125  0.00078125  0.00078125  0.00078125  0.00078125
  0.00078125  0.00078125  0.00078125  0.00078125  0.00078125  0.00078125
  0.00078125  0.00078125  0.00078125  0.00078125  0.00078125  0.00078125
  0.00078125  0.00078125  0.00078125  0.00078125  0.00078125  0.00078125
  0.00078125  0.00078125  0.00078125  0.00078125  0.00078125  0.00078125
  0.00078125  0.00078125  0.00078125  0.00078125  0.00078125  0.00078125
  0.00078125  0.00078125  0.00078125  0.00078125  0.00078125  0.00078125
  0.18000109  0.00078125  0.00078125  0.00078125  0.00078125  0.00078125
  0.00078125  0.00078125  0.00078125  0.00078125  0.00078125  0.00078125
  0.00078125  0.00078125  0.00078125  0.00078125  0.00078125  0.00078125
  0.00078125  0.00078125  0.00078125  0.00078125  0.00078125  0.00142464
  0.00174789  0.00174789  0.00174789  0.00174789  0.00174789  0.00174789
  0.00174789  0.00174789  0.00142464  0.00203498  0.00209387  0.00209387
  0.00209387  0.00209387  0.00209387  0.00177062  0.0015083   0.00078125
  0.0015083   0.00078125  0.07613645  0.01102283  0.01102283  0.01102283
  0.00078125  0.00078125  0.01085237  0.01085237  0.01102283  0.00078125
  0.01102283  0.00078125  0.02113656  0.01102283  0.00078125  0.00078125
  0.00078125  0.00078125  0.00078125  0.00726503  0.00726503  0.00560933
  0.00119706  0.00295271  0.0015083   0.0015083   0.18465919  0.01102283
  0.01102283  0.01102283  0.02113656  0.01102283  0.01102283  0.01085237
  0.01085237  0.01102283]
32, SUM = 0.807278 : [ 0.02381739  0.00078125  0.00078125  0.00078125  0.00078125  0.00078125
  0.00078125  0.00078125  0.00078125  0.00078125  0.00078125  0.00078125
  0.00078125  0.00078125  0.00078125  0.00078125  0.00078125  0.00078125
  0.00078125  0.00078125  0.00078125  0.00078125  0.00078125  0.00078125
  0.00078125  0.00078125  0.00078125  0.00078125  0.00078125  0.00078125
  0.00078125  0.00078125  0.00078125  0.00078125  0.00078125  0.00078125
  0.00078125  0.00078125  0.00078125  0.00078125  0.00078125  0.00078125
  0.00078125  0.00078125  0.00078125  0.00078125  0.00078125  0.00078125
  0.18031332  0.00078125  0.00078125  0.00078125  0.00078125  0.00078125
  0.00078125  0.00078125  0.00078125  0.00078125  0.00078125  0.00078125
  0.00078125  0.00078125  0.00078125  0.00078125  0.00078125  0.00078125
  0.00078125  0.00078125  0.00078125  0.00078125  0.00078125  0.00142181
  0.00174364  0.00174364  0.00174364  0.00174364  0.00174364  0.00174364
  0.00174364  0.00174364  0.00142181  0.00203073  0.00208821  0.00208821
  0.00208821  0.00208821  0.00208821  0.00176638  0.00150689  0.00078125
  0.00150689  0.00078125  0.07616485  0.01105121  0.01105121  0.01105121
  0.00078125  0.00078125  0.01088076  0.01088076  0.01105121  0.00078125
  0.01105121  0.00078125  0.02119333  0.01105121  0.00078125  0.00078125
  0.00078125  0.00078125  0.00078125  0.00724096  0.00724096  0.00559093
  0.00119564  0.00294421  0.00150689  0.00150689  0.18468757  0.01105121
  0.01105121  0.01105121  0.02119333  0.01105121  0.01105121  0.01088076
  0.01088076  0.01105121]
31, SUM = 0.807803 : [ 0.02375793  0.00078125  0.00078125  0.00078125  0.00078125  0.00078125
  0.00078125  0.00078125  0.00078125  0.00078125  0.00078125  0.00078125
  0.00078125  0.00078125  0.00078125  0.00078125  0.00078125  0.00078125
  0.00078125  0.00078125  0.00078125  0.00078125  0.00078125  0.00078125
  0.00078125  0.00078125  0.00078125  0.00078125  0.00078125  0.00078125
  0.00078125  0.00078125  0.00078125  0.00078125  0.00078125  0.00078125
  0.00078125  0.00078125  0.00078125  0.00078125  0.00078125  0.00078125
  0.00078125  0.00078125  0.00078125  0.00078125  0.00078125  0.00078125
  0.18054749  0.00078125  0.00078125  0.00078125  0.00078125  0.00078125
  0.00078125  0.00078125  0.00078125  0.00078125  0.00078125  0.00078125
  0.00078125  0.00078125  0.00078125  0.00078125  0.00078125  0.00078125
  0.00078125  0.00078125  0.00078125  0.00078125  0.00078125  0.00141969
  0.00174046  0.00174046  0.00174046  0.00174046  0.00174046  0.00174046
  0.00174046  0.00174046  0.00141969  0.00202755  0.00208396  0.00208396
  0.00208396  0.00208396  0.00208396  0.00176319  0.00150582  0.00078125
  0.00150582  0.00078125  0.07618613  0.0110725   0.0110725   0.0110725
  0.00078125  0.00078125  0.01090204  0.01090204  0.0110725   0.00078125
  0.0110725   0.00078125  0.02123591  0.0110725   0.00078125  0.00078125
  0.00078125  0.00078125  0.00078125  0.00722291  0.00722291  0.00557713
  0.00119458  0.00293784  0.00150582  0.00150582  0.18470886  0.0110725
  0.0110725   0.0110725   0.02123591  0.0110725   0.0110725   0.01090204
  0.01090204  0.0110725 ]
30, SUM = 0.808196 : [ 0.02371333  0.00078125  0.00078125  0.00078125  0.00078125  0.00078125
  0.00078125  0.00078125  0.00078125  0.00078125  0.00078125  0.00078125
  0.00078125  0.00078125  0.00078125  0.00078125  0.00078125  0.00078125
  0.00078125  0.00078125  0.00078125  0.00078125  0.00078125  0.00078125
  0.00078125  0.00078125  0.00078125  0.00078125  0.00078125  0.00078125
  0.00078125  0.00078125  0.00078125  0.00078125  0.00078125  0.00078125
  0.00078125  0.00078125  0.00078125  0.00078125  0.00078125  0.00078125
  0.00078125  0.00078125  0.00078125  0.00078125  0.00078125  0.00078125
  0.18072312  0.00078125  0.00078125  0.00078125  0.00078125  0.00078125
  0.00078125  0.00078125  0.00078125  0.00078125  0.00078125  0.00078125
  0.00078125  0.00078125  0.00078125  0.00078125  0.00078125  0.00078125
  0.00078125  0.00078125  0.00078125  0.00078125  0.00078125  0.00141809
  0.00173807  0.00173807  0.00173807  0.00173807  0.00173807  0.00173807
  0.00173807  0.00173807  0.00141809  0.00202516  0.00208077  0.00208077
  0.00208077  0.00208077  0.00208077  0.0017608   0.00150503  0.00078125
  0.00150503  0.00078125  0.0762021   0.01108847  0.01108847  0.01108847
  0.00078125  0.00078125  0.01091801  0.01091801  0.01108847  0.00078125
  0.01108847  0.00078125  0.02126784  0.01108847  0.00078125  0.00078125
  0.00078125  0.00078125  0.00078125  0.00720937  0.00720937  0.00556677
  0.00119379  0.00293306  0.00150503  0.00150503  0.18472483  0.01108847
  0.01108847  0.01108847  0.02126784  0.01108847  0.01108847  0.01091801
  0.01091801  0.01108847]
29, SUM = 0.808491 : [ 0.02367988  0.00078125  0.00078125  0.00078125  0.00078125  0.00078125
  0.00078125  0.00078125  0.00078125  0.00078125  0.00078125  0.00078125
  0.00078125  0.00078125  0.00078125  0.00078125  0.00078125  0.00078125
  0.00078125  0.00078125  0.00078125  0.00078125  0.00078125  0.00078125
  0.00078125  0.00078125  0.00078125  0.00078125  0.00078125  0.00078125
  0.00078125  0.00078125  0.00078125  0.00078125  0.00078125  0.00078125
  0.00078125  0.00078125  0.00078125  0.00078125  0.00078125  0.00078125
  0.00078125  0.00078125  0.00078125  0.00078125  0.00078125  0.00078125
  0.18085484  0.00078125  0.00078125  0.00078125  0.00078125  0.00078125
  0.00078125  0.00078125  0.00078125  0.00078125  0.00078125  0.00078125
  0.00078125  0.00078125  0.00078125  0.00078125  0.00078125  0.00078125
  0.00078125  0.00078125  0.00078125  0.00078125  0.00078125  0.0014169
  0.00173627  0.00173627  0.00173627  0.00173627  0.00173627  0.00173627
  0.00173627  0.00173627  0.0014169   0.00202336  0.00207839  0.00207839
  0.00207839  0.00207839  0.00207839  0.00175901  0.00150443  0.00078125
  0.00150443  0.00078125  0.07621408  0.01110044  0.01110044  0.01110044
  0.00078125  0.00078125  0.01092999  0.01092999  0.01110044  0.00078125
  0.01110044  0.00078125  0.02129179  0.01110044  0.00078125  0.00078125
  0.00078125  0.00078125  0.00078125  0.00719922  0.00719922  0.00555901
  0.00119319  0.00292948  0.00150443  0.00150443  0.1847368   0.01110044
  0.01110044  0.01110044  0.02129179  0.01110044  0.01110044  0.01092999
  0.01092999  0.01110044]
28, SUM = 0.808712 : [ 0.0236548   0.00078125  0.00078125  0.00078125  0.00078125  0.00078125
  0.00078125  0.00078125  0.00078125  0.00078125  0.00078125  0.00078125
  0.00078125  0.00078125  0.00078125  0.00078125  0.00078125  0.00078125
  0.00078125  0.00078125  0.00078125  0.00078125  0.00078125  0.00078125
  0.00078125  0.00078125  0.00078125  0.00078125  0.00078125  0.00078125
  0.00078125  0.00078125  0.00078125  0.00078125  0.00078125  0.00078125
  0.00078125  0.00078125  0.00078125  0.00078125  0.00078125  0.00078125
  0.00078125  0.00078125  0.00078125  0.00078125  0.00078125  0.00078125
  0.18095363  0.00078125  0.00078125  0.00078125  0.00078125  0.00078125
  0.00078125  0.00078125  0.00078125  0.00078125  0.00078125  0.00078125
  0.00078125  0.00078125  0.00078125  0.00078125  0.00078125  0.00078125
  0.00078125  0.00078125  0.00078125  0.00078125  0.00078125  0.001416
  0.00173493  0.00173493  0.00173493  0.00173493  0.00173493  0.00173493
  0.00173493  0.00173493  0.001416    0.00202202  0.00207659  0.00207659
  0.00207659  0.00207659  0.00207659  0.00175767  0.00150398  0.00078125
  0.00150398  0.00078125  0.07622306  0.01110942  0.01110942  0.01110942
  0.00078125  0.00078125  0.01093897  0.01093897  0.01110942  0.00078125
  0.01110942  0.00078125  0.02130975  0.01110942  0.00078125  0.00078125
  0.00078125  0.00078125  0.00078125  0.0071916   0.0071916   0.00555319
  0.00119274  0.00292679  0.00150398  0.00150398  0.18474578  0.01110942
  0.01110942  0.01110942  0.02130975  0.01110942  0.01110942  0.01093897
  0.01093897  0.01110942]
27, SUM = 0.808877 : [ 0.02363599  0.00078125  0.00078125  0.00078125  0.00078125  0.00078125
  0.00078125  0.00078125  0.00078125  0.00078125  0.00078125  0.00078125
  0.00078125  0.00078125  0.00078125  0.00078125  0.00078125  0.00078125
  0.00078125  0.00078125  0.00078125  0.00078125  0.00078125  0.00078125
  0.00078125  0.00078125  0.00078125  0.00078125  0.00078125  0.00078125
  0.00078125  0.00078125  0.00078125  0.00078125  0.00078125  0.00078125
  0.00078125  0.00078125  0.00078125  0.00078125  0.00078125  0.00078125
  0.00078125  0.00078125  0.00078125  0.00078125  0.00078125  0.00078125
  0.18102772  0.00078125  0.00078125  0.00078125  0.00078125  0.00078125
  0.00078125  0.00078125  0.00078125  0.00078125  0.00078125  0.00078125
  0.00078125  0.00078125  0.00078125  0.00078125  0.00078125  0.00078125
  0.00078125  0.00078125  0.00078125  0.00078125  0.00078125  0.00141533
  0.00173392  0.00173392  0.00173392  0.00173392  0.00173392  0.00173392
  0.00173392  0.00173392  0.00141533  0.00202101  0.00207525  0.00207525
  0.00207525  0.00207525  0.00207525  0.00175666  0.00150365  0.00078125
  0.00150365  0.00078125  0.07622979  0.01111616  0.01111616  0.01111616
  0.00078125  0.00078125  0.0109457   0.0109457   0.01111616  0.00078125
  0.01111616  0.00078125  0.02132322  0.01111616  0.00078125  0.00078125
  0.00078125  0.00078125  0.00078125  0.00718589  0.00718589  0.00554882
  0.00119241  0.00292478  0.00150365  0.00150365  0.18475252  0.01111616
  0.01111616  0.01111616  0.02132322  0.01111616  0.01111616  0.0109457
  0.0109457   0.01111616]
26, SUM = 0.809002 : [ 0.02362188  0.00078125  0.00078125  0.00078125  0.00078125  0.00078125
  0.00078125  0.00078125  0.00078125  0.00078125  0.00078125  0.00078125
  0.00078125  0.00078125  0.00078125  0.00078125  0.00078125  0.00078125
  0.00078125  0.00078125  0.00078125  0.00078125  0.00078125  0.00078125
  0.00078125  0.00078125  0.00078125  0.00078125  0.00078125  0.00078125
  0.00078125  0.00078125  0.00078125  0.00078125  0.00078125  0.00078125
  0.00078125  0.00078125  0.00078125  0.00078125  0.00078125  0.00078125
  0.00078125  0.00078125  0.00078125  0.00078125  0.00078125  0.00078125
  0.18108329  0.00078125  0.00078125  0.00078125  0.00078125  0.00078125
  0.00078125  0.00078125  0.00078125  0.00078125  0.00078125  0.00078125
  0.00078125  0.00078125  0.00078125  0.00078125  0.00078125  0.00078125
  0.00078125  0.00078125  0.00078125  0.00078125  0.00078125  0.00141483
  0.00173317  0.00173317  0.00173317  0.00173317  0.00173317  0.00173317
  0.00173317  0.00173317  0.00141483  0.00202026  0.00207424  0.00207424
  0.00207424  0.00207424  0.00207424  0.0017559   0.00150339  0.00078125
  0.00150339  0.00078125  0.07623484  0.01112121  0.01112121  0.01112121
  0.00078125  0.00078125  0.01095075  0.01095075  0.01112121  0.00078125
  0.01112121  0.00078125  0.02133333  0.01112121  0.00078125  0.00078125
  0.00078125  0.00078125  0.00078125  0.00718161  0.00718161  0.00554554
  0.00119215  0.00292327  0.00150339  0.00150339  0.18475757  0.01112121
  0.01112121  0.01112121  0.02133333  0.01112121  0.01112121  0.01095075
  0.01095075  0.01112121]
25, SUM = 0.809095 : [ 0.02361129  0.00078125  0.00078125  0.00078125  0.00078125  0.00078125
  0.00078125  0.00078125  0.00078125  0.00078125  0.00078125  0.00078125
  0.00078125  0.00078125  0.00078125  0.00078125  0.00078125  0.00078125
  0.00078125  0.00078125  0.00078125  0.00078125  0.00078125  0.00078125
  0.00078125  0.00078125  0.00078125  0.00078125  0.00078125  0.00078125
  0.00078125  0.00078125  0.00078125  0.00078125  0.00078125  0.00078125
  0.00078125  0.00078125  0.00078125  0.00078125  0.00078125  0.00078125
  0.00078125  0.00078125  0.00078125  0.00078125  0.00078125  0.00078125
  0.18112497  0.00078125  0.00078125  0.00078125  0.00078125  0.00078125
  0.00078125  0.00078125  0.00078125  0.00078125  0.00078125  0.00078125
  0.00078125  0.00078125  0.00078125  0.00078125  0.00078125  0.00078125
  0.00078125  0.00078125  0.00078125  0.00078125  0.00078125  0.00141445
  0.0017326   0.0017326   0.0017326   0.0017326   0.0017326   0.0017326
  0.0017326   0.0017326   0.00141445  0.00201969  0.00207349  0.00207349
  0.00207349  0.00207349  0.00207349  0.00175534  0.0015032   0.00078125
  0.0015032   0.00078125  0.07623863  0.011125    0.011125    0.011125
  0.00078125  0.00078125  0.01095454  0.01095454  0.011125    0.00078125
  0.011125    0.00078125  0.0213409   0.011125    0.00078125  0.00078125
  0.00078125  0.00078125  0.00078125  0.0071784   0.0071784   0.00554309
  0.00119196  0.00292213  0.0015032   0.0015032   0.18476136  0.011125
  0.011125    0.011125    0.0213409   0.011125    0.011125    0.01095454
  0.01095454  0.011125  ]
24, SUM = 0.809165 : [ 0.02360336  0.00078125  0.00078125  0.00078125  0.00078125  0.00078125
  0.00078125  0.00078125  0.00078125  0.00078125  0.00078125  0.00078125
  0.00078125  0.00078125  0.00078125  0.00078125  0.00078125  0.00078125
  0.00078125  0.00078125  0.00078125  0.00078125  0.00078125  0.00078125
  0.00078125  0.00078125  0.00078125  0.00078125  0.00078125  0.00078125
  0.00078125  0.00078125  0.00078125  0.00078125  0.00078125  0.00078125
  0.00078125  0.00078125  0.00078125  0.00078125  0.00078125  0.00078125
  0.00078125  0.00078125  0.00078125  0.00078125  0.00078125  0.00078125
  0.18115623  0.00078125  0.00078125  0.00078125  0.00078125  0.00078125
  0.00078125  0.00078125  0.00078125  0.00078125  0.00078125  0.00078125
  0.00078125  0.00078125  0.00078125  0.00078125  0.00078125  0.00078125
  0.00078125  0.00078125  0.00078125  0.00078125  0.00078125  0.00141417
  0.00173217  0.00173217  0.00173217  0.00173217  0.00173217  0.00173217
  0.00173217  0.00173217  0.00141417  0.00201926  0.00207292  0.00207292
  0.00207292  0.00207292  0.00207292  0.00175491  0.00150306  0.00078125
  0.00150306  0.00078125  0.07624148  0.01112784  0.01112784  0.01112784
  0.00078125  0.00078125  0.01095738  0.01095738  0.01112784  0.00078125
  0.01112784  0.00078125  0.02134659  0.01112784  0.00078125  0.00078125
  0.00078125  0.00078125  0.00078125  0.00717599  0.00717599  0.00554124
  0.00119182  0.00292128  0.00150306  0.00150306  0.1847642   0.01112784
  0.01112784  0.01112784  0.02134659  0.01112784  0.01112784  0.01095738
  0.01095738  0.01112784]
23, SUM = 0.809218 : [ 0.0235974   0.00078125  0.00078125  0.00078125  0.00078125  0.00078125
  0.00078125  0.00078125  0.00078125  0.00078125  0.00078125  0.00078125
  0.00078125  0.00078125  0.00078125  0.00078125  0.00078125  0.00078125
  0.00078125  0.00078125  0.00078125  0.00078125  0.00078125  0.00078125
  0.00078125  0.00078125  0.00078125  0.00078125  0.00078125  0.00078125
  0.00078125  0.00078125  0.00078125  0.00078125  0.00078125  0.00078125
  0.00078125  0.00078125  0.00078125  0.00078125  0.00078125  0.00078125
  0.00078125  0.00078125  0.00078125  0.00078125  0.00078125  0.00078125
  0.18117967  0.00078125  0.00078125  0.00078125  0.00078125  0.00078125
  0.00078125  0.00078125  0.00078125  0.00078125  0.00078125  0.00078125
  0.00078125  0.00078125  0.00078125  0.00078125  0.00078125  0.00078125
  0.00078125  0.00078125  0.00078125  0.00078125  0.00078125  0.00141395
  0.00173186  0.00173186  0.00173186  0.00173186  0.00173186  0.00173186
  0.00173186  0.00173186  0.00141395  0.00201895  0.00207249  0.00207249
  0.00207249  0.00207249  0.00207249  0.00175459  0.00150296  0.00078125
  0.00150296  0.00078125  0.07624361  0.01112997  0.01112997  0.01112997
  0.00078125  0.00078125  0.01095952  0.01095952  0.01112997  0.00078125
  0.01112997  0.00078125  0.02135085  0.01112997  0.00078125  0.00078125
  0.00078125  0.00078125  0.00078125  0.00717418  0.00717418  0.00553986
  0.00119172  0.00292064  0.00150296  0.00150296  0.18476633  0.01112997
  0.01112997  0.01112997  0.02135085  0.01112997  0.01112997  0.01095952
  0.01095952  0.01112997]
22, SUM = 0.809257 : [ 0.02359294  0.00078125  0.00078125  0.00078125  0.00078125  0.00078125
  0.00078125  0.00078125  0.00078125  0.00078125  0.00078125  0.00078125
  0.00078125  0.00078125  0.00078125  0.00078125  0.00078125  0.00078125
  0.00078125  0.00078125  0.00078125  0.00078125  0.00078125  0.00078125
  0.00078125  0.00078125  0.00078125  0.00078125  0.00078125  0.00078125
  0.00078125  0.00078125  0.00078125  0.00078125  0.00078125  0.00078125
  0.00078125  0.00078125  0.00078125  0.00078125  0.00078125  0.00078125
  0.00078125  0.00078125  0.00078125  0.00078125  0.00078125  0.00078125
  0.18119725  0.00078125  0.00078125  0.00078125  0.00078125  0.00078125
  0.00078125  0.00078125  0.00078125  0.00078125  0.00078125  0.00078125
  0.00078125  0.00078125  0.00078125  0.00078125  0.00078125  0.00078125
  0.00078125  0.00078125  0.00078125  0.00078125  0.00078125  0.00141379
  0.00173162  0.00173162  0.00173162  0.00173162  0.00173162  0.00173162
  0.00173162  0.00173162  0.00141379  0.00201871  0.00207218  0.00207218
  0.00207218  0.00207218  0.00207218  0.00175435  0.00150288  0.00078125
  0.00150288  0.00078125  0.0762452   0.01113157  0.01113157  0.01113157
  0.00078125  0.00078125  0.01096111  0.01096111  0.01113157  0.00078125
  0.01113157  0.00078125  0.02135405  0.01113157  0.00078125  0.00078125
  0.00078125  0.00078125  0.00078125  0.00717282  0.00717282  0.00553883
  0.00119164  0.00292017  0.00150288  0.00150288  0.18476793  0.01113157
  0.01113157  0.01113157  0.02135405  0.01113157  0.01113157  0.01096111
  0.01096111  0.01113157]
21, SUM = 0.809286 : [ 0.02358959  0.00078125  0.00078125  0.00078125  0.00078125  0.00078125
  0.00078125  0.00078125  0.00078125  0.00078125  0.00078125  0.00078125
  0.00078125  0.00078125  0.00078125  0.00078125  0.00078125  0.00078125
  0.00078125  0.00078125  0.00078125  0.00078125  0.00078125  0.00078125
  0.00078125  0.00078125  0.00078125  0.00078125  0.00078125  0.00078125
  0.00078125  0.00078125  0.00078125  0.00078125  0.00078125  0.00078125
  0.00078125  0.00078125  0.00078125  0.00078125  0.00078125  0.00078125
  0.00078125  0.00078125  0.00078125  0.00078125  0.00078125  0.00078125
  0.18121044  0.00078125  0.00078125  0.00078125  0.00078125  0.00078125
  0.00078125  0.00078125  0.00078125  0.00078125  0.00078125  0.00078125
  0.00078125  0.00078125  0.00078125  0.00078125  0.00078125  0.00078125
  0.00078125  0.00078125  0.00078125  0.00078125  0.00078125  0.00141367
  0.00173144  0.00173144  0.00173144  0.00173144  0.00173144  0.00173144
  0.00173144  0.00173144  0.00141367  0.00201853  0.00207194  0.00207194
  0.00207194  0.00207194  0.00207194  0.00175417  0.00150282  0.00078125
  0.00150282  0.00078125  0.0762464   0.01113277  0.01113277  0.01113277
  0.00078125  0.00078125  0.01096231  0.01096231  0.01113277  0.00078125
  0.01113277  0.00078125  0.02135644  0.01113277  0.00078125  0.00078125
  0.00078125  0.00078125  0.00078125  0.00717181  0.00717181  0.00553805
  0.00119158  0.00291981  0.00150282  0.00150282  0.18476913  0.01113277
  0.01113277  0.01113277  0.02135644  0.01113277  0.01113277  0.01096231
  0.01096231  0.01113277]
20, SUM = 0.809309 : [ 0.02358708  0.00078125  0.00078125  0.00078125  0.00078125  0.00078125
  0.00078125  0.00078125  0.00078125  0.00078125  0.00078125  0.00078125
  0.00078125  0.00078125  0.00078125  0.00078125  0.00078125  0.00078125
  0.00078125  0.00078125  0.00078125  0.00078125  0.00078125  0.00078125
  0.00078125  0.00078125  0.00078125  0.00078125  0.00078125  0.00078125
  0.00078125  0.00078125  0.00078125  0.00078125  0.00078125  0.00078125
  0.00078125  0.00078125  0.00078125  0.00078125  0.00078125  0.00078125
  0.00078125  0.00078125  0.00078125  0.00078125  0.00078125  0.00078125
  0.18122033  0.00078125  0.00078125  0.00078125  0.00078125  0.00078125
  0.00078125  0.00078125  0.00078125  0.00078125  0.00078125  0.00078125
  0.00078125  0.00078125  0.00078125  0.00078125  0.00078125  0.00078125
  0.00078125  0.00078125  0.00078125  0.00078125  0.00078125  0.00141359
  0.0017313   0.0017313   0.0017313   0.0017313   0.0017313   0.0017313
  0.0017313   0.0017313   0.00141359  0.00201839  0.00207176  0.00207176
  0.00207176  0.00207176  0.00207176  0.00175404  0.00150277  0.00078125
  0.00150277  0.00078125  0.0762473   0.01113367  0.01113367  0.01113367
  0.00078125  0.00078125  0.01096321  0.01096321  0.01113367  0.00078125
  0.01113367  0.00078125  0.02135824  0.01113367  0.00078125  0.00078125
  0.00078125  0.00078125  0.00078125  0.00717105  0.00717105  0.00553747
  0.00119153  0.00291954  0.00150277  0.00150277  0.18477003  0.01113367
  0.01113367  0.01113367  0.02135824  0.01113367  0.01113367  0.01096321
  0.01096321  0.01113367]
19, SUM = 0.809325 : [ 0.0235852   0.00078125  0.00078125  0.00078125  0.00078125  0.00078125
  0.00078125  0.00078125  0.00078125  0.00078125  0.00078125  0.00078125
  0.00078125  0.00078125  0.00078125  0.00078125  0.00078125  0.00078125
  0.00078125  0.00078125  0.00078125  0.00078125  0.00078125  0.00078125
  0.00078125  0.00078125  0.00078125  0.00078125  0.00078125  0.00078125
  0.00078125  0.00078125  0.00078125  0.00078125  0.00078125  0.00078125
  0.00078125  0.00078125  0.00078125  0.00078125  0.00078125  0.00078125
  0.00078125  0.00078125  0.00078125  0.00078125  0.00078125  0.00078125
  0.18122775  0.00078125  0.00078125  0.00078125  0.00078125  0.00078125
  0.00078125  0.00078125  0.00078125  0.00078125  0.00078125  0.00078125
  0.00078125  0.00078125  0.00078125  0.00078125  0.00078125  0.00078125
  0.00078125  0.00078125  0.00078125  0.00078125  0.00078125  0.00141352
  0.0017312   0.0017312   0.0017312   0.0017312   0.0017312   0.0017312
  0.0017312   0.0017312   0.00141352  0.00201829  0.00207162  0.00207162
  0.00207162  0.00207162  0.00207162  0.00175394  0.00150274  0.00078125
  0.00150274  0.00078125  0.07624798  0.01113434  0.01113434  0.01113434
  0.00078125  0.00078125  0.01096389  0.01096389  0.01113434  0.00078125
  0.01113434  0.00078125  0.02135959  0.01113434  0.00078125  0.00078125
  0.00078125  0.00078125  0.00078125  0.00717047  0.00717047  0.00553703
  0.0011915   0.00291934  0.00150274  0.00150274  0.1847707   0.01113434
  0.01113434  0.01113434  0.02135959  0.01113434  0.01113434  0.01096389
  0.01096389  0.01113434]
18, SUM = 0.809338 : [ 0.02358378  0.00078125  0.00078125  0.00078125  0.00078125  0.00078125
  0.00078125  0.00078125  0.00078125  0.00078125  0.00078125  0.00078125
  0.00078125  0.00078125  0.00078125  0.00078125  0.00078125  0.00078125
  0.00078125  0.00078125  0.00078125  0.00078125  0.00078125  0.00078125
  0.00078125  0.00078125  0.00078125  0.00078125  0.00078125  0.00078125
  0.00078125  0.00078125  0.00078125  0.00078125  0.00078125  0.00078125
  0.00078125  0.00078125  0.00078125  0.00078125  0.00078125  0.00078125
  0.00078125  0.00078125  0.00078125  0.00078125  0.00078125  0.00078125
  0.18123331  0.00078125  0.00078125  0.00078125  0.00078125  0.00078125
  0.00078125  0.00078125  0.00078125  0.00078125  0.00078125  0.00078125
  0.00078125  0.00078125  0.00078125  0.00078125  0.00078125  0.00078125
  0.00078125  0.00078125  0.00078125  0.00078125  0.00078125  0.00141347
  0.00173113  0.00173113  0.00173113  0.00173113  0.00173113  0.00173113
  0.00173113  0.00173113  0.00141347  0.00201822  0.00207152  0.00207152
  0.00207152  0.00207152  0.00207152  0.00175386  0.00150271  0.00078125
  0.00150271  0.00078125  0.07624848  0.01113485  0.01113485  0.01113485
  0.00078125  0.00078125  0.01096439  0.01096439  0.01113485  0.00078125
  0.01113485  0.00078125  0.0213606   0.01113485  0.00078125  0.00078125
  0.00078125  0.00078125  0.00078125  0.00717004  0.00717004  0.0055367
  0.00119147  0.00291918  0.00150271  0.00150271  0.18477121  0.01113485
  0.01113485  0.01113485  0.0213606   0.01113485  0.01113485  0.01096439
  0.01096439  0.01113485]
17, SUM = 0.809347 : [ 0.02358272  0.00078125  0.00078125  0.00078125  0.00078125  0.00078125
  0.00078125  0.00078125  0.00078125  0.00078125  0.00078125  0.00078125
  0.00078125  0.00078125  0.00078125  0.00078125  0.00078125  0.00078125
  0.00078125  0.00078125  0.00078125  0.00078125  0.00078125  0.00078125
  0.00078125  0.00078125  0.00078125  0.00078125  0.00078125  0.00078125
  0.00078125  0.00078125  0.00078125  0.00078125  0.00078125  0.00078125
  0.00078125  0.00078125  0.00078125  0.00078125  0.00078125  0.00078125
  0.00078125  0.00078125  0.00078125  0.00078125  0.00078125  0.00078125
  0.18123748  0.00078125  0.00078125  0.00078125  0.00078125  0.00078125
  0.00078125  0.00078125  0.00078125  0.00078125  0.00078125  0.00078125
  0.00078125  0.00078125  0.00078125  0.00078125  0.00078125  0.00078125
  0.00078125  0.00078125  0.00078125  0.00078125  0.00078125  0.00141343
  0.00173107  0.00173107  0.00173107  0.00173107  0.00173107  0.00173107
  0.00173107  0.00173107  0.00141343  0.00201816  0.00207145  0.00207145
  0.00207145  0.00207145  0.00207145  0.00175381  0.00150269  0.00078125
  0.00150269  0.00078125  0.07624886  0.01113523  0.01113523  0.01113523
  0.00078125  0.00078125  0.01096477  0.01096477  0.01113523  0.00078125
  0.01113523  0.00078125  0.02136136  0.01113523  0.00078125  0.00078125
  0.00078125  0.00078125  0.00078125  0.00716972  0.00716972  0.00553645
  0.00119145  0.00291907  0.00150269  0.00150269  0.18477159  0.01113523
  0.01113523  0.01113523  0.02136136  0.01113523  0.01113523  0.01096477
  0.01096477  0.01113523]
16, SUM = 0.809354 : [ 0.02358193  0.00078125  0.00078125  0.00078125  0.00078125  0.00078125
  0.00078125  0.00078125  0.00078125  0.00078125  0.00078125  0.00078125
  0.00078125  0.00078125  0.00078125  0.00078125  0.00078125  0.00078125
  0.00078125  0.00078125  0.00078125  0.00078125  0.00078125  0.00078125
  0.00078125  0.00078125  0.00078125  0.00078125  0.00078125  0.00078125
  0.00078125  0.00078125  0.00078125  0.00078125  0.00078125  0.00078125
  0.00078125  0.00078125  0.00078125  0.00078125  0.00078125  0.00078125
  0.00078125  0.00078125  0.00078125  0.00078125  0.00078125  0.00078125
  0.18124061  0.00078125  0.00078125  0.00078125  0.00078125  0.00078125
  0.00078125  0.00078125  0.00078125  0.00078125  0.00078125  0.00078125
  0.00078125  0.00078125  0.00078125  0.00078125  0.00078125  0.00078125
  0.00078125  0.00078125  0.00078125  0.00078125  0.00078125  0.0014134
  0.00173103  0.00173103  0.00173103  0.00173103  0.00173103  0.00173103
  0.00173103  0.00173103  0.0014134   0.00201812  0.00207139  0.00207139
  0.00207139  0.00207139  0.00207139  0.00175376  0.00150268  0.00078125
  0.00150268  0.00078125  0.07624915  0.01113551  0.01113551  0.01113551
  0.00078125  0.00078125  0.01096506  0.01096506  0.01113551  0.00078125
  0.01113551  0.00078125  0.02136193  0.01113551  0.00078125  0.00078125
  0.00078125  0.00078125  0.00078125  0.00716948  0.00716948  0.00553627
  0.00119144  0.00291899  0.00150268  0.00150268  0.18477187  0.01113551
  0.01113551  0.01113551  0.02136193  0.01113551  0.01113551  0.01096506
  0.01096506  0.01113551]
15, SUM = 0.809359 : [ 0.02358133  0.00078125  0.00078125  0.00078125  0.00078125  0.00078125
  0.00078125  0.00078125  0.00078125  0.00078125  0.00078125  0.00078125
  0.00078125  0.00078125  0.00078125  0.00078125  0.00078125  0.00078125
  0.00078125  0.00078125  0.00078125  0.00078125  0.00078125  0.00078125
  0.00078125  0.00078125  0.00078125  0.00078125  0.00078125  0.00078125
  0.00078125  0.00078125  0.00078125  0.00078125  0.00078125  0.00078125
  0.00078125  0.00078125  0.00078125  0.00078125  0.00078125  0.00078125
  0.00078125  0.00078125  0.00078125  0.00078125  0.00078125  0.00078125
  0.18124296  0.00078125  0.00078125  0.00078125  0.00078125  0.00078125
  0.00078125  0.00078125  0.00078125  0.00078125  0.00078125  0.00078125
  0.00078125  0.00078125  0.00078125  0.00078125  0.00078125  0.00078125
  0.00078125  0.00078125  0.00078125  0.00078125  0.00078125  0.00141338
  0.00173099  0.00173099  0.00173099  0.00173099  0.00173099  0.00173099
  0.00173099  0.00173099  0.00141338  0.00201808  0.00207135  0.00207135
  0.00207135  0.00207135  0.00207135  0.00175373  0.00150267  0.00078125
  0.00150267  0.00078125  0.07624936  0.01113572  0.01113572  0.01113572
  0.00078125  0.00078125  0.01096527  0.01096527  0.01113572  0.00078125
  0.01113572  0.00078125  0.02136236  0.01113572  0.00078125  0.00078125
  0.00078125  0.00078125  0.00078125  0.0071693   0.0071693   0.00553613
  0.00119143  0.00291892  0.00150267  0.00150267  0.18477209  0.01113572
  0.01113572  0.01113572  0.02136236  0.01113572  0.01113572  0.01096527
  0.01096527  0.01113572]
14, SUM = 0.809363 : [ 0.02358089  0.00078125  0.00078125  0.00078125  0.00078125  0.00078125
  0.00078125  0.00078125  0.00078125  0.00078125  0.00078125  0.00078125
  0.00078125  0.00078125  0.00078125  0.00078125  0.00078125  0.00078125
  0.00078125  0.00078125  0.00078125  0.00078125  0.00078125  0.00078125
  0.00078125  0.00078125  0.00078125  0.00078125  0.00078125  0.00078125
  0.00078125  0.00078125  0.00078125  0.00078125  0.00078125  0.00078125
  0.00078125  0.00078125  0.00078125  0.00078125  0.00078125  0.00078125
  0.00078125  0.00078125  0.00078125  0.00078125  0.00078125  0.00078125
  0.18124472  0.00078125  0.00078125  0.00078125  0.00078125  0.00078125
  0.00078125  0.00078125  0.00078125  0.00078125  0.00078125  0.00078125
  0.00078125  0.00078125  0.00078125  0.00078125  0.00078125  0.00078125
  0.00078125  0.00078125  0.00078125  0.00078125  0.00078125  0.00141336
  0.00173097  0.00173097  0.00173097  0.00173097  0.00173097  0.00173097
  0.00173097  0.00173097  0.00141336  0.00201806  0.00207131  0.00207131
  0.00207131  0.00207131  0.00207131  0.00175371  0.00150266  0.00078125
  0.00150266  0.00078125  0.07624952  0.01113588  0.01113588  0.01113588
  0.00078125  0.00078125  0.01096543  0.01096543  0.01113588  0.00078125
  0.01113588  0.00078125  0.02136268  0.01113588  0.00078125  0.00078125
  0.00078125  0.00078125  0.00078125  0.00716917  0.00716917  0.00553603
  0.00119142  0.00291887  0.00150266  0.00150266  0.18477225  0.01113588
  0.01113588  0.01113588  0.02136268  0.01113588  0.01113588  0.01096543
  0.01096543  0.01113588]
13, SUM = 0.809366 : [ 0.02358055  0.00078125  0.00078125  0.00078125  0.00078125  0.00078125
  0.00078125  0.00078125  0.00078125  0.00078125  0.00078125  0.00078125
  0.00078125  0.00078125  0.00078125  0.00078125  0.00078125  0.00078125
  0.00078125  0.00078125  0.00078125  0.00078125  0.00078125  0.00078125
  0.00078125  0.00078125  0.00078125  0.00078125  0.00078125  0.00078125
  0.00078125  0.00078125  0.00078125  0.00078125  0.00078125  0.00078125
  0.00078125  0.00078125  0.00078125  0.00078125  0.00078125  0.00078125
  0.00078125  0.00078125  0.00078125  0.00078125  0.00078125  0.00078125
  0.18124604  0.00078125  0.00078125  0.00078125  0.00078125  0.00078125
  0.00078125  0.00078125  0.00078125  0.00078125  0.00078125  0.00078125
  0.00078125  0.00078125  0.00078125  0.00078125  0.00078125  0.00078125
  0.00078125  0.00078125  0.00078125  0.00078125  0.00078125  0.00141335
  0.00173095  0.00173095  0.00173095  0.00173095  0.00173095  0.00173095
  0.00173095  0.00173095  0.00141335  0.00201804  0.00207129  0.00207129
  0.00207129  0.00207129  0.00207129  0.00175369  0.00150266  0.00078125
  0.00150266  0.00078125  0.07624964  0.011136    0.011136    0.011136
  0.00078125  0.00078125  0.01096555  0.01096555  0.011136    0.00078125
  0.011136    0.00078125  0.02136292  0.011136    0.00078125  0.00078125
  0.00078125  0.00078125  0.00078125  0.00716906  0.00716906  0.00553595
  0.00119142  0.00291884  0.00150266  0.00150266  0.18477237  0.011136
  0.011136    0.011136    0.02136292  0.011136    0.011136    0.01096555
  0.01096555  0.011136  ]
12, SUM = 0.809368 : [ 0.0235803   0.00078125  0.00078125  0.00078125  0.00078125  0.00078125
  0.00078125  0.00078125  0.00078125  0.00078125  0.00078125  0.00078125
  0.00078125  0.00078125  0.00078125  0.00078125  0.00078125  0.00078125
  0.00078125  0.00078125  0.00078125  0.00078125  0.00078125  0.00078125
  0.00078125  0.00078125  0.00078125  0.00078125  0.00078125  0.00078125
  0.00078125  0.00078125  0.00078125  0.00078125  0.00078125  0.00078125
  0.00078125  0.00078125  0.00078125  0.00078125  0.00078125  0.00078125
  0.00078125  0.00078125  0.00078125  0.00078125  0.00078125  0.00078125
  0.18124703  0.00078125  0.00078125  0.00078125  0.00078125  0.00078125
  0.00078125  0.00078125  0.00078125  0.00078125  0.00078125  0.00078125
  0.00078125  0.00078125  0.00078125  0.00078125  0.00078125  0.00078125
  0.00078125  0.00078125  0.00078125  0.00078125  0.00078125  0.00141334
  0.00173094  0.00173094  0.00173094  0.00173094  0.00173094  0.00173094
  0.00173094  0.00173094  0.00141334  0.00201803  0.00207127  0.00207127
  0.00207127  0.00207127  0.00207127  0.00175368  0.00150265  0.00078125
  0.00150265  0.00078125  0.07624973  0.01113609  0.01113609  0.01113609
  0.00078125  0.00078125  0.01096564  0.01096564  0.01113609  0.00078125
  0.01113609  0.00078125  0.0213631   0.01113609  0.00078125  0.00078125
  0.00078125  0.00078125  0.00078125  0.00716899  0.00716899  0.00553589
  0.00119141  0.00291881  0.00150265  0.00150265  0.18477246  0.01113609
  0.01113609  0.01113609  0.0213631   0.01113609  0.01113609  0.01096564
  0.01096564  0.01113609]
11, SUM = 0.809370 : [ 0.02358011  0.00078125  0.00078125  0.00078125  0.00078125  0.00078125
  0.00078125  0.00078125  0.00078125  0.00078125  0.00078125  0.00078125
  0.00078125  0.00078125  0.00078125  0.00078125  0.00078125  0.00078125
  0.00078125  0.00078125  0.00078125  0.00078125  0.00078125  0.00078125
  0.00078125  0.00078125  0.00078125  0.00078125  0.00078125  0.00078125
  0.00078125  0.00078125  0.00078125  0.00078125  0.00078125  0.00078125
  0.00078125  0.00078125  0.00078125  0.00078125  0.00078125  0.00078125
  0.00078125  0.00078125  0.00078125  0.00078125  0.00078125  0.00078125
  0.18124777  0.00078125  0.00078125  0.00078125  0.00078125  0.00078125
  0.00078125  0.00078125  0.00078125  0.00078125  0.00078125  0.00078125
  0.00078125  0.00078125  0.00078125  0.00078125  0.00078125  0.00078125
  0.00078125  0.00078125  0.00078125  0.00078125  0.00078125  0.00141334
  0.00173093  0.00173093  0.00173093  0.00173093  0.00173093  0.00173093
  0.00173093  0.00173093  0.00141334  0.00201802  0.00207126  0.00207126
  0.00207126  0.00207126  0.00207126  0.00175367  0.00150265  0.00078125
  0.00150265  0.00078125  0.0762498   0.01113616  0.01113616  0.01113616
  0.00078125  0.00078125  0.01096571  0.01096571  0.01113616  0.00078125
  0.01113616  0.00078125  0.02136323  0.01113616  0.00078125  0.00078125
  0.00078125  0.00078125  0.00078125  0.00716893  0.00716893  0.00553585
  0.00119141  0.00291879  0.00150265  0.00150265  0.18477252  0.01113616
  0.01113616  0.01113616  0.02136323  0.01113616  0.01113616  0.01096571
  0.01096571  0.01113616]
10, SUM = 0.809371 : [ 0.02357997  0.00078125  0.00078125  0.00078125  0.00078125  0.00078125
  0.00078125  0.00078125  0.00078125  0.00078125  0.00078125  0.00078125
  0.00078125  0.00078125  0.00078125  0.00078125  0.00078125  0.00078125
  0.00078125  0.00078125  0.00078125  0.00078125  0.00078125  0.00078125
  0.00078125  0.00078125  0.00078125  0.00078125  0.00078125  0.00078125
  0.00078125  0.00078125  0.00078125  0.00078125  0.00078125  0.00078125
  0.00078125  0.00078125  0.00078125  0.00078125  0.00078125  0.00078125
  0.00078125  0.00078125  0.00078125  0.00078125  0.00078125  0.00078125
  0.18124833  0.00078125  0.00078125  0.00078125  0.00078125  0.00078125
  0.00078125  0.00078125  0.00078125  0.00078125  0.00078125  0.00078125
  0.00078125  0.00078125  0.00078125  0.00078125  0.00078125  0.00078125
  0.00078125  0.00078125  0.00078125  0.00078125  0.00078125  0.00141333
  0.00173092  0.00173092  0.00173092  0.00173092  0.00173092  0.00173092
  0.00173092  0.00173092  0.00141333  0.00201801  0.00207125  0.00207125
  0.00207125  0.00207125  0.00207125  0.00175366  0.00150265  0.00078125
  0.00150265  0.00078125  0.07624985  0.01113621  0.01113621  0.01113621
  0.00078125  0.00078125  0.01096576  0.01096576  0.01113621  0.00078125
  0.01113621  0.00078125  0.02136333  0.01113621  0.00078125  0.00078125
  0.00078125  0.00078125  0.00078125  0.00716889  0.00716889  0.00553581
  0.0011914   0.00291878  0.00150265  0.00150265  0.18477258  0.01113621
  0.01113621  0.01113621  0.02136333  0.01113621  0.01113621  0.01096576
  0.01096576  0.01113621]
9, SUM = 0.809372 : [ 0.02357986  0.00078125  0.00078125  0.00078125  0.00078125  0.00078125
  0.00078125  0.00078125  0.00078125  0.00078125  0.00078125  0.00078125
  0.00078125  0.00078125  0.00078125  0.00078125  0.00078125  0.00078125
  0.00078125  0.00078125  0.00078125  0.00078125  0.00078125  0.00078125
  0.00078125  0.00078125  0.00078125  0.00078125  0.00078125  0.00078125
  0.00078125  0.00078125  0.00078125  0.00078125  0.00078125  0.00078125
  0.00078125  0.00078125  0.00078125  0.00078125  0.00078125  0.00078125
  0.00078125  0.00078125  0.00078125  0.00078125  0.00078125  0.00078125
  0.18124875  0.00078125  0.00078125  0.00078125  0.00078125  0.00078125
  0.00078125  0.00078125  0.00078125  0.00078125  0.00078125  0.00078125
  0.00078125  0.00078125  0.00078125  0.00078125  0.00078125  0.00078125
  0.00078125  0.00078125  0.00078125  0.00078125  0.00078125  0.00141333
  0.00173092  0.00173092  0.00173092  0.00173092  0.00173092  0.00173092
  0.00173092  0.00173092  0.00141333  0.00201801  0.00207124  0.00207124
  0.00207124  0.00207124  0.00207124  0.00175365  0.00150264  0.00078125
  0.00150264  0.00078125  0.07624989  0.01113625  0.01113625  0.01113625
  0.00078125  0.00078125  0.0109658   0.0109658   0.01113625  0.00078125
  0.01113625  0.00078125  0.02136341  0.01113625  0.00078125  0.00078125
  0.00078125  0.00078125  0.00078125  0.00716885  0.00716885  0.00553579
  0.0011914   0.00291876  0.00150264  0.00150264  0.18477261  0.01113625
  0.01113625  0.01113625  0.02136341  0.01113625  0.01113625  0.0109658
  0.0109658   0.01113625]
8, SUM = 0.809373 : [ 0.02357978  0.00078125  0.00078125  0.00078125  0.00078125  0.00078125
  0.00078125  0.00078125  0.00078125  0.00078125  0.00078125  0.00078125
  0.00078125  0.00078125  0.00078125  0.00078125  0.00078125  0.00078125
  0.00078125  0.00078125  0.00078125  0.00078125  0.00078125  0.00078125
  0.00078125  0.00078125  0.00078125  0.00078125  0.00078125  0.00078125
  0.00078125  0.00078125  0.00078125  0.00078125  0.00078125  0.00078125
  0.00078125  0.00078125  0.00078125  0.00078125  0.00078125  0.00078125
  0.00078125  0.00078125  0.00078125  0.00078125  0.00078125  0.00078125
  0.18124906  0.00078125  0.00078125  0.00078125  0.00078125  0.00078125
  0.00078125  0.00078125  0.00078125  0.00078125  0.00078125  0.00078125
  0.00078125  0.00078125  0.00078125  0.00078125  0.00078125  0.00078125
  0.00078125  0.00078125  0.00078125  0.00078125  0.00078125  0.00141332
  0.00173091  0.00173091  0.00173091  0.00173091  0.00173091  0.00173091
  0.00173091  0.00173091  0.00141332  0.002018    0.00207124  0.00207124
  0.00207124  0.00207124  0.00207124  0.00175365  0.00150264  0.00078125
  0.00150264  0.00078125  0.07624991  0.01113628  0.01113628  0.01113628
  0.00078125  0.00078125  0.01096582  0.01096582  0.01113628  0.00078125
  0.01113628  0.00078125  0.02136347  0.01113628  0.00078125  0.00078125
  0.00078125  0.00078125  0.00078125  0.00716883  0.00716883  0.00553577
  0.0011914   0.00291876  0.00150264  0.00150264  0.18477264  0.01113628
  0.01113628  0.01113628  0.02136347  0.01113628  0.01113628  0.01096582
  0.01096582  0.01113628]
7, SUM = 0.809373 : [ 0.02357972  0.00078125  0.00078125  0.00078125  0.00078125  0.00078125
  0.00078125  0.00078125  0.00078125  0.00078125  0.00078125  0.00078125
  0.00078125  0.00078125  0.00078125  0.00078125  0.00078125  0.00078125
  0.00078125  0.00078125  0.00078125  0.00078125  0.00078125  0.00078125
  0.00078125  0.00078125  0.00078125  0.00078125  0.00078125  0.00078125
  0.00078125  0.00078125  0.00078125  0.00078125  0.00078125  0.00078125
  0.00078125  0.00078125  0.00078125  0.00078125  0.00078125  0.00078125
  0.00078125  0.00078125  0.00078125  0.00078125  0.00078125  0.00078125
  0.1812493   0.00078125  0.00078125  0.00078125  0.00078125  0.00078125
  0.00078125  0.00078125  0.00078125  0.00078125  0.00078125  0.00078125
  0.00078125  0.00078125  0.00078125  0.00078125  0.00078125  0.00078125
  0.00078125  0.00078125  0.00078125  0.00078125  0.00078125  0.00141332
  0.00173091  0.00173091  0.00173091  0.00173091  0.00173091  0.00173091
  0.00173091  0.00173091  0.00141332  0.002018    0.00207123  0.00207123
  0.00207123  0.00207123  0.00207123  0.00175365  0.00150264  0.00078125
  0.00150264  0.00078125  0.07624994  0.0111363   0.0111363   0.0111363
  0.00078125  0.00078125  0.01096585  0.01096585  0.0111363   0.00078125
  0.0111363   0.00078125  0.02136351  0.0111363   0.00078125  0.00078125
  0.00078125  0.00078125  0.00078125  0.00716881  0.00716881  0.00553576
  0.0011914   0.00291875  0.00150264  0.00150264  0.18477266  0.0111363
  0.0111363   0.0111363   0.02136351  0.0111363   0.0111363   0.01096585
  0.01096585  0.0111363 ]
6, SUM = 0.809374 : [ 0.02357968  0.00078125  0.00078125  0.00078125  0.00078125  0.00078125
  0.00078125  0.00078125  0.00078125  0.00078125  0.00078125  0.00078125
  0.00078125  0.00078125  0.00078125  0.00078125  0.00078125  0.00078125
  0.00078125  0.00078125  0.00078125  0.00078125  0.00078125  0.00078125
  0.00078125  0.00078125  0.00078125  0.00078125  0.00078125  0.00078125
  0.00078125  0.00078125  0.00078125  0.00078125  0.00078125  0.00078125
  0.00078125  0.00078125  0.00078125  0.00078125  0.00078125  0.00078125
  0.00078125  0.00078125  0.00078125  0.00078125  0.00078125  0.00078125
  0.18124947  0.00078125  0.00078125  0.00078125  0.00078125  0.00078125
  0.00078125  0.00078125  0.00078125  0.00078125  0.00078125  0.00078125
  0.00078125  0.00078125  0.00078125  0.00078125  0.00078125  0.00078125
  0.00078125  0.00078125  0.00078125  0.00078125  0.00078125  0.00141332
  0.00173091  0.00173091  0.00173091  0.00173091  0.00173091  0.00173091
  0.00173091  0.00173091  0.00141332  0.002018    0.00207123  0.00207123
  0.00207123  0.00207123  0.00207123  0.00175364  0.00150264  0.00078125
  0.00150264  0.00078125  0.07624995  0.01113632  0.01113632  0.01113632
  0.00078125  0.00078125  0.01096586  0.01096586  0.01113632  0.00078125
  0.01113632  0.00078125  0.02136354  0.01113632  0.00078125  0.00078125
  0.00078125  0.00078125  0.00078125  0.0071688   0.0071688   0.00553575
  0.0011914   0.00291874  0.00150264  0.00150264  0.18477268  0.01113632
  0.01113632  0.01113632  0.02136354  0.01113632  0.01113632  0.01096586
  0.01096586  0.01113632]
5, SUM = 0.809374 : [ 0.02357965  0.00078125  0.00078125  0.00078125  0.00078125  0.00078125
  0.00078125  0.00078125  0.00078125  0.00078125  0.00078125  0.00078125
  0.00078125  0.00078125  0.00078125  0.00078125  0.00078125  0.00078125
  0.00078125  0.00078125  0.00078125  0.00078125  0.00078125  0.00078125
  0.00078125  0.00078125  0.00078125  0.00078125  0.00078125  0.00078125
  0.00078125  0.00078125  0.00078125  0.00078125  0.00078125  0.00078125
  0.00078125  0.00078125  0.00078125  0.00078125  0.00078125  0.00078125
  0.00078125  0.00078125  0.00078125  0.00078125  0.00078125  0.00078125
  0.1812496   0.00078125  0.00078125  0.00078125  0.00078125  0.00078125
  0.00078125  0.00078125  0.00078125  0.00078125  0.00078125  0.00078125
  0.00078125  0.00078125  0.00078125  0.00078125  0.00078125  0.00078125
  0.00078125  0.00078125  0.00078125  0.00078125  0.00078125  0.00141332
  0.0017309   0.0017309   0.0017309   0.0017309   0.0017309   0.0017309
  0.0017309   0.0017309   0.00141332  0.00201799  0.00207123  0.00207123
  0.00207123  0.00207123  0.00207123  0.00175364  0.00150264  0.00078125
  0.00150264  0.00078125  0.07624996  0.01113633  0.01113633  0.01113633
  0.00078125  0.00078125  0.01096587  0.01096587  0.01113633  0.00078125
  0.01113633  0.00078125  0.02136356  0.01113633  0.00078125  0.00078125
  0.00078125  0.00078125  0.00078125  0.00716879  0.00716879  0.00553574
  0.0011914   0.00291874  0.00150264  0.00150264  0.18477269  0.01113633
  0.01113633  0.01113633  0.02136356  0.01113633  0.01113633  0.01096587
  0.01096587  0.01113633]
4, SUM = 0.809374 : [ 0.02357962  0.00078125  0.00078125  0.00078125  0.00078125  0.00078125
  0.00078125  0.00078125  0.00078125  0.00078125  0.00078125  0.00078125
  0.00078125  0.00078125  0.00078125  0.00078125  0.00078125  0.00078125
  0.00078125  0.00078125  0.00078125  0.00078125  0.00078125  0.00078125
  0.00078125  0.00078125  0.00078125  0.00078125  0.00078125  0.00078125
  0.00078125  0.00078125  0.00078125  0.00078125  0.00078125  0.00078125
  0.00078125  0.00078125  0.00078125  0.00078125  0.00078125  0.00078125
  0.00078125  0.00078125  0.00078125  0.00078125  0.00078125  0.00078125
  0.1812497   0.00078125  0.00078125  0.00078125  0.00078125  0.00078125
  0.00078125  0.00078125  0.00078125  0.00078125  0.00078125  0.00078125
  0.00078125  0.00078125  0.00078125  0.00078125  0.00078125  0.00078125
  0.00078125  0.00078125  0.00078125  0.00078125  0.00078125  0.00141332
  0.0017309   0.0017309   0.0017309   0.0017309   0.0017309   0.0017309
  0.0017309   0.0017309   0.00141332  0.00201799  0.00207122  0.00207122
  0.00207122  0.00207122  0.00207122  0.00175364  0.00150264  0.00078125
  0.00150264  0.00078125  0.07624997  0.01113634  0.01113634  0.01113634
  0.00078125  0.00078125  0.01096588  0.01096588  0.01113634  0.00078125
  0.01113634  0.00078125  0.02136358  0.01113634  0.00078125  0.00078125
  0.00078125  0.00078125  0.00078125  0.00716878  0.00716878  0.00553573
  0.0011914   0.00291874  0.00150264  0.00150264  0.1847727   0.01113634
  0.01113634  0.01113634  0.02136358  0.01113634  0.01113634  0.01096588
  0.01096588  0.01113634]
3, SUM = 0.809375 : [ 0.0235796   0.00078125  0.00078125  0.00078125  0.00078125  0.00078125
  0.00078125  0.00078125  0.00078125  0.00078125  0.00078125  0.00078125
  0.00078125  0.00078125  0.00078125  0.00078125  0.00078125  0.00078125
  0.00078125  0.00078125  0.00078125  0.00078125  0.00078125  0.00078125
  0.00078125  0.00078125  0.00078125  0.00078125  0.00078125  0.00078125
  0.00078125  0.00078125  0.00078125  0.00078125  0.00078125  0.00078125
  0.00078125  0.00078125  0.00078125  0.00078125  0.00078125  0.00078125
  0.00078125  0.00078125  0.00078125  0.00078125  0.00078125  0.00078125
  0.18124978  0.00078125  0.00078125  0.00078125  0.00078125  0.00078125
  0.00078125  0.00078125  0.00078125  0.00078125  0.00078125  0.00078125
  0.00078125  0.00078125  0.00078125  0.00078125  0.00078125  0.00078125
  0.00078125  0.00078125  0.00078125  0.00078125  0.00078125  0.00141332
  0.0017309   0.0017309   0.0017309   0.0017309   0.0017309   0.0017309
  0.0017309   0.0017309   0.00141332  0.00201799  0.00207122  0.00207122
  0.00207122  0.00207122  0.00207122  0.00175364  0.00150264  0.00078125
  0.00150264  0.00078125  0.07624998  0.01113634  0.01113634  0.01113634
  0.00078125  0.00078125  0.01096589  0.01096589  0.01113634  0.00078125
  0.01113634  0.00078125  0.0213636   0.01113634  0.00078125  0.00078125
  0.00078125  0.00078125  0.00078125  0.00716878  0.00716878  0.00553573
  0.0011914   0.00291874  0.00150264  0.00150264  0.18477271  0.01113634
  0.01113634  0.01113634  0.0213636   0.01113634  0.01113634  0.01096589
  0.01096589  0.01113634]
2, SUM = 0.809375 : [ 0.02357959  0.00078125  0.00078125  0.00078125  0.00078125  0.00078125
  0.00078125  0.00078125  0.00078125  0.00078125  0.00078125  0.00078125
  0.00078125  0.00078125  0.00078125  0.00078125  0.00078125  0.00078125
  0.00078125  0.00078125  0.00078125  0.00078125  0.00078125  0.00078125
  0.00078125  0.00078125  0.00078125  0.00078125  0.00078125  0.00078125
  0.00078125  0.00078125  0.00078125  0.00078125  0.00078125  0.00078125
  0.00078125  0.00078125  0.00078125  0.00078125  0.00078125  0.00078125
  0.00078125  0.00078125  0.00078125  0.00078125  0.00078125  0.00078125
  0.18124983  0.00078125  0.00078125  0.00078125  0.00078125  0.00078125
  0.00078125  0.00078125  0.00078125  0.00078125  0.00078125  0.00078125
  0.00078125  0.00078125  0.00078125  0.00078125  0.00078125  0.00078125
  0.00078125  0.00078125  0.00078125  0.00078125  0.00078125  0.00141332
  0.0017309   0.0017309   0.0017309   0.0017309   0.0017309   0.0017309
  0.0017309   0.0017309   0.00141332  0.00201799  0.00207122  0.00207122
  0.00207122  0.00207122  0.00207122  0.00175364  0.00150264  0.00078125
  0.00150264  0.00078125  0.07624998  0.01113635  0.01113635  0.01113635
  0.00078125  0.00078125  0.01096589  0.01096589  0.01113635  0.00078125
  0.01113635  0.00078125  0.02136361  0.01113635  0.00078125  0.00078125
  0.00078125  0.00078125  0.00078125  0.00716877  0.00716877  0.00553573
  0.0011914   0.00291874  0.00150264  0.00150264  0.18477271  0.01113635
  0.01113635  0.01113635  0.02136361  0.01113635  0.01113635  0.01096589
  0.01096589  0.01113635]
1, SUM = 0.809375 : [ 0.02357958  0.00078125  0.00078125  0.00078125  0.00078125  0.00078125
  0.00078125  0.00078125  0.00078125  0.00078125  0.00078125  0.00078125
  0.00078125  0.00078125  0.00078125  0.00078125  0.00078125  0.00078125
  0.00078125  0.00078125  0.00078125  0.00078125  0.00078125  0.00078125
  0.00078125  0.00078125  0.00078125  0.00078125  0.00078125  0.00078125
  0.00078125  0.00078125  0.00078125  0.00078125  0.00078125  0.00078125
  0.00078125  0.00078125  0.00078125  0.00078125  0.00078125  0.00078125
  0.00078125  0.00078125  0.00078125  0.00078125  0.00078125  0.00078125
  0.18124987  0.00078125  0.00078125  0.00078125  0.00078125  0.00078125
  0.00078125  0.00078125  0.00078125  0.00078125  0.00078125  0.00078125
  0.00078125  0.00078125  0.00078125  0.00078125  0.00078125  0.00078125
  0.00078125  0.00078125  0.00078125  0.00078125  0.00078125  0.00141332
  0.0017309   0.0017309   0.0017309   0.0017309   0.0017309   0.0017309
  0.0017309   0.0017309   0.00141332  0.00201799  0.00207122  0.00207122
  0.00207122  0.00207122  0.00207122  0.00175364  0.00150264  0.00078125
  0.00150264  0.00078125  0.07624999  0.01113635  0.01113635  0.01113635
  0.00078125  0.00078125  0.0109659   0.0109659   0.01113635  0.00078125
  0.01113635  0.00078125  0.02136361  0.01113635  0.00078125  0.00078125
  0.00078125  0.00078125  0.00078125  0.00716877  0.00716877  0.00553572
  0.0011914   0.00291873  0.00150264  0.00150264  0.18477272  0.01113635
  0.01113635  0.01113635  0.02136361  0.01113635  0.01113635  0.0109659
  0.0109659   0.01113635]
0, SUM = 0.809375 : [ 0.02357957  0.00078125  0.00078125  0.00078125  0.00078125  0.00078125
  0.00078125  0.00078125  0.00078125  0.00078125  0.00078125  0.00078125
  0.00078125  0.00078125  0.00078125  0.00078125  0.00078125  0.00078125
  0.00078125  0.00078125  0.00078125  0.00078125  0.00078125  0.00078125
  0.00078125  0.00078125  0.00078125  0.00078125  0.00078125  0.00078125
  0.00078125  0.00078125  0.00078125  0.00078125  0.00078125  0.00078125
  0.00078125  0.00078125  0.00078125  0.00078125  0.00078125  0.00078125
  0.00078125  0.00078125  0.00078125  0.00078125  0.00078125  0.00078125
  0.18124991  0.00078125  0.00078125  0.00078125  0.00078125  0.00078125
  0.00078125  0.00078125  0.00078125  0.00078125  0.00078125  0.00078125
  0.00078125  0.00078125  0.00078125  0.00078125  0.00078125  0.00078125
  0.00078125  0.00078125  0.00078125  0.00078125  0.00078125  0.00141332
  0.0017309   0.0017309   0.0017309   0.0017309   0.0017309   0.0017309
  0.0017309   0.0017309   0.00141332  0.00201799  0.00207122  0.00207122
  0.00207122  0.00207122  0.00207122  0.00175364  0.00150264  0.00078125
  0.00150264  0.00078125  0.07624999  0.01113636  0.01113636  0.01113636
  0.00078125  0.00078125  0.0109659   0.0109659   0.01113636  0.00078125
  0.01113636  0.00078125  0.02136362  0.01113636  0.00078125  0.00078125
  0.00078125  0.00078125  0.00078125  0.00716877  0.00716877  0.00553572
  0.0011914   0.00291873  0.00150264  0.00150264  0.18477272  0.01113636
  0.01113636  0.01113636  0.02136362  0.01113636  0.01113636  0.0109659
  0.0109659   0.01113636]
