P 50, SUM = 0.996875 : [ 0.003125  0.003125  0.003125  0.003125  0.003125  0.003125  0.003125
  0.003125  0.003125  0.003125  0.003125  0.003125  0.003125  0.003125
  0.003125  0.003125  0.003125  0.003125  0.003125  0.003125  0.003125
  0.003125  0.003125  0.003125  0.003125  0.003125  0.003125  0.003125
  0.003125  0.003125  0.003125  0.003125  0.003125  0.003125  0.003125
  0.003125  0.003125  0.003125  0.003125  0.003125  0.003125  0.003125
  0.003125  0.003125  0.003125  0.003125  0.003125  0.003125  0.003125
  0.003125  0.003125  0.003125  0.003125  0.003125  0.003125  0.003125
  0.003125  0.003125  0.003125  0.003125  0.003125  0.003125  0.003125
  0.003125  0.003125  0.003125  0.003125  0.003125  0.003125  0.003125
  0.003125  0.003125  0.003125  0.003125  0.003125  0.003125  0.003125
  0.003125  0.003125  0.003125  0.003125  0.003125  0.003125  0.003125
  0.003125  0.003125  0.003125  0.003125  0.003125  0.003125  0.003125
  0.003125  0.003125  0.003125  0.003125  0.003125  0.003125  0.003125
  0.003125  0.003125  0.003125  0.003125  0.003125  0.003125  0.003125
  0.003125  0.003125  0.003125  0.003125  0.003125  0.003125  0.003125
  0.003125  0.003125  0.003125  0.003125  0.003125  0.003125  0.6       0.003125
  0.003125  0.003125  0.003125  0.003125  0.003125  0.003125  0.003125
  0.003125]
50, SUM = 1.000000 : [ 0.0078125  0.0078125  0.0078125  0.0078125  0.0078125  0.0078125
  0.0078125  0.0078125  0.0078125  0.0078125  0.0078125  0.0078125
  0.0078125  0.0078125  0.0078125  0.0078125  0.0078125  0.0078125
  0.0078125  0.0078125  0.0078125  0.0078125  0.0078125  0.0078125
  0.0078125  0.0078125  0.0078125  0.0078125  0.0078125  0.0078125
  0.0078125  0.0078125  0.0078125  0.0078125  0.0078125  0.0078125
  0.0078125  0.0078125  0.0078125  0.0078125  0.0078125  0.0078125
  0.0078125  0.0078125  0.0078125  0.0078125  0.0078125  0.0078125
  0.0078125  0.0078125  0.0078125  0.0078125  0.0078125  0.0078125
  0.0078125  0.0078125  0.0078125  0.0078125  0.0078125  0.0078125
  0.0078125  0.0078125  0.0078125  0.0078125  0.0078125  0.0078125
  0.0078125  0.0078125  0.0078125  0.0078125  0.0078125  0.0078125
  0.0078125  0.0078125  0.0078125  0.0078125  0.0078125  0.0078125
  0.0078125  0.0078125  0.0078125  0.0078125  0.0078125  0.0078125
  0.0078125  0.0078125  0.0078125  0.0078125  0.0078125  0.0078125
  0.0078125  0.0078125  0.0078125  0.0078125  0.0078125  0.0078125
  0.0078125  0.0078125  0.0078125  0.0078125  0.0078125  0.0078125
  0.0078125  0.0078125  0.0078125  0.0078125  0.0078125  0.0078125
  0.0078125  0.0078125  0.0078125  0.0078125  0.0078125  0.0078125
  0.0078125  0.0078125  0.0078125  0.0078125  0.0078125  0.0078125
  0.0078125  0.0078125  0.0078125  0.0078125  0.0078125  0.0078125
  0.0078125  0.0078125]
49, SUM = 0.375000 : [ 0.1015625   0.          0.          0.          0.          0.          0.
  0.          0.          0.          0.          0.          0.          0.
  0.          0.          0.          0.          0.          0.          0.
  0.          0.          0.          0.          0.          0.          0.
  0.          0.          0.          0.          0.          0.          0.
  0.          0.          0.          0.          0.          0.          0.
  0.          0.          0.          0.          0.          0.          0.078125
  0.          0.          0.          0.          0.          0.          0.
  0.          0.          0.          0.          0.          0.          0.
  0.          0.          0.          0.          0.          0.          0.
  0.          0.00059907  0.0009693   0.0009693   0.0009693   0.0009693
  0.0009693   0.0009693   0.0009693   0.0009693   0.00059907  0.00457507
  0.0016901   0.0016901   0.0016901   0.0016901   0.0016901   0.00131986
  0.003976    0.          0.003976    0.          0.00426136  0.00426136
  0.00426136  0.00426136  0.          0.          0.00230824  0.00230824
  0.00426136  0.          0.00426136  0.          0.00852273  0.00426136
  0.          0.          0.          0.          0.          0.02299572
  0.02299572  0.01620629  0.00137184  0.00660342  0.003976    0.003976
  0.00426136  0.00426136  0.00426136  0.00426136  0.00852273  0.00426136
  0.00426136  0.00230824  0.00230824  0.00426136]
48, SUM = 0.375000 : [ 0.0546875   0.          0.          0.          0.          0.          0.
  0.          0.          0.          0.          0.          0.          0.
  0.          0.          0.          0.          0.          0.          0.
  0.          0.          0.          0.          0.          0.          0.
  0.          0.          0.          0.          0.          0.          0.
  0.          0.          0.          0.          0.          0.          0.
  0.          0.          0.          0.          0.          0.
  0.04296875  0.          0.          0.          0.          0.          0.
  0.          0.          0.          0.          0.          0.          0.
  0.          0.          0.          0.          0.          0.          0.
  0.          0.          0.00316631  0.00469643  0.00469643  0.00469643
  0.00469643  0.00469643  0.00469643  0.00469643  0.00469643  0.00316631
  0.00475903  0.00615353  0.00615353  0.00615353  0.00615353  0.00615353
  0.0046234   0.00289481  0.          0.00289481  0.          0.00568182
  0.00568182  0.00568182  0.00568182  0.          0.          0.00568182
  0.00568182  0.00568182  0.          0.00568182  0.          0.00941051
  0.00568182  0.          0.          0.          0.          0.
  0.01904648  0.01904648  0.01413722  0.00166932  0.00671714  0.00289481
  0.00289481  0.00568182  0.00568182  0.00568182  0.00568182  0.00941051
  0.00568182  0.00568182  0.00568182  0.00568182  0.00568182]
47, SUM = 0.375000 : [ 0.078125    0.          0.          0.          0.          0.          0.
  0.          0.          0.          0.          0.          0.          0.
  0.          0.          0.          0.          0.          0.          0.
  0.          0.          0.          0.          0.          0.          0.
  0.          0.          0.          0.          0.          0.          0.
  0.          0.          0.          0.          0.          0.          0.
  0.          0.          0.          0.          0.          0.
  0.06054687  0.          0.          0.          0.          0.          0.
  0.          0.          0.          0.          0.          0.          0.
  0.          0.          0.          0.          0.          0.          0.
  0.          0.          0.00209694  0.00312896  0.00312896  0.00312896
  0.00312896  0.00312896  0.00312896  0.00312896  0.00312896  0.00209694
  0.00341988  0.00417701  0.00417701  0.00417701  0.00417701  0.00417701
  0.00314499  0.00193569  0.          0.00193569  0.          0.00479403
  0.00479403  0.00479403  0.00479403  0.          0.          0.00430575
  0.00430575  0.00479403  0.          0.00479403  0.          0.00958807
  0.00479403  0.          0.          0.          0.          0.
  0.02155554  0.02155554  0.01645552  0.00128145  0.00754621  0.00193569
  0.00193569  0.00479403  0.00479403  0.00479403  0.00479403  0.00958807
  0.00479403  0.00479403  0.00430575  0.00430575  0.00479403]
46, SUM = 0.375000 : [ 0.06640625  0.          0.          0.          0.          0.          0.
  0.          0.          0.          0.          0.          0.          0.
  0.          0.          0.          0.          0.          0.          0.
  0.          0.          0.          0.          0.          0.          0.
  0.          0.          0.          0.          0.          0.          0.
  0.          0.          0.          0.          0.          0.          0.
  0.          0.          0.          0.          0.          0.
  0.05175781  0.          0.          0.          0.          0.          0.
  0.          0.          0.          0.          0.          0.          0.
  0.          0.          0.          0.          0.          0.          0.
  0.          0.          0.00266306  0.00399351  0.00399351  0.00399351
  0.00399351  0.00399351  0.00399351  0.00399351  0.00399351  0.00266306
  0.00400133  0.00531991  0.00531991  0.00531991  0.00531991  0.00531991
  0.00398946  0.00166539  0.          0.00166539  0.          0.00514915
  0.00514915  0.00514915  0.00514915  0.          0.          0.00514915
  0.00514915  0.00514915  0.          0.00514915  0.          0.00981001
  0.00514915  0.          0.          0.          0.          0.
  0.02078346  0.02078346  0.01585066  0.00126753  0.00732006  0.00166539
  0.00166539  0.00514915  0.00514915  0.00514915  0.00514915  0.00981001
  0.00514915  0.00514915  0.00514915  0.00514915  0.00514915]
45, SUM = 0.375000 : [ 0.07226562  0.          0.          0.          0.          0.          0.
  0.          0.          0.          0.          0.          0.          0.
  0.          0.          0.          0.          0.          0.          0.
  0.          0.          0.          0.          0.          0.          0.
  0.          0.          0.          0.          0.          0.          0.
  0.          0.          0.          0.          0.          0.          0.
  0.          0.          0.          0.          0.          0.
  0.05615234  0.          0.          0.          0.          0.          0.
  0.          0.          0.          0.          0.          0.          0.
  0.          0.          0.          0.          0.          0.          0.
  0.          0.          0.00240838  0.00361094  0.00361094  0.00361094
  0.00361094  0.00361094  0.00361094  0.00361094  0.00361094  0.00240838
  0.00363506  0.00481385  0.00481385  0.00481385  0.00481385  0.00481385
  0.0036113   0.00142561  0.          0.00142561  0.          0.0049272
  0.0049272   0.0049272   0.0049272   0.          0.          0.00480513
  0.00480513  0.0049272   0.          0.0049272   0.          0.0098544
  0.0049272   0.          0.          0.          0.          0.
  0.02139247  0.02139247  0.01635749  0.0012598   0.00754733  0.00142561
  0.00142561  0.0049272   0.0049272   0.0049272   0.0049272   0.0098544
  0.0049272   0.0049272   0.00480513  0.00480513  0.0049272 ]
44, SUM = 0.375000 : [ 0.06933594  0.          0.          0.          0.          0.          0.
  0.          0.          0.          0.          0.          0.          0.
  0.          0.          0.          0.          0.          0.          0.
  0.          0.          0.          0.          0.          0.          0.
  0.          0.          0.          0.          0.          0.          0.
  0.          0.          0.          0.          0.          0.          0.
  0.          0.          0.          0.          0.          0.
  0.05395508  0.          0.          0.          0.          0.          0.
  0.          0.          0.          0.          0.          0.          0.
  0.          0.          0.          0.          0.          0.          0.
  0.          0.          0.00254884  0.0038232   0.0038232   0.0038232
  0.0038232   0.0038232   0.0038232   0.0038232   0.0038232   0.00254884
  0.00382397  0.00509737  0.00509737  0.00509737  0.00509737  0.00509737
  0.00382301  0.00135803  0.          0.00135803  0.          0.00501598
  0.00501598  0.00501598  0.00501598  0.          0.          0.00501598
  0.00501598  0.00501598  0.          0.00501598  0.          0.00990989
  0.00501598  0.          0.          0.          0.          0.
  0.02120405  0.02120405  0.01621121  0.00125107  0.00748191  0.00135803
  0.00135803  0.00501598  0.00501598  0.00501598  0.00501598  0.00990989
  0.00501598  0.00501598  0.00501598  0.00501598  0.00501598]
43, SUM = 0.375000 : [ 0.07080078  0.          0.          0.          0.          0.          0.
  0.          0.          0.          0.          0.          0.          0.
  0.          0.          0.          0.          0.          0.          0.
  0.          0.          0.          0.          0.          0.          0.
  0.          0.          0.          0.          0.          0.          0.
  0.          0.          0.          0.          0.          0.          0.
  0.          0.          0.          0.          0.          0.
  0.05505371  0.          0.          0.          0.          0.          0.
  0.          0.          0.          0.          0.          0.          0.
  0.          0.          0.          0.          0.          0.          0.
  0.          0.          0.00248544  0.00372802  0.00372802  0.00372802
  0.00372802  0.00372802  0.00372802  0.00372802  0.00372802  0.00248544
  0.00373005  0.00497058  0.00497058  0.00497058  0.00497058  0.00497058
  0.003728    0.00129809  0.          0.00129809  0.          0.00496049
  0.00496049  0.00496049  0.00496049  0.          0.          0.00492998
  0.00492998  0.00496049  0.          0.00496049  0.          0.00992099
  0.00496049  0.          0.          0.          0.          0.
  0.02135658  0.02135658  0.01633138  0.0012564   0.00753745  0.00129809
  0.00129809  0.00496049  0.00496049  0.00496049  0.00496049  0.00992099
  0.00496049  0.00496049  0.00492998  0.00492998  0.00496049]
42, SUM = 0.375000 : [ 0.07006836  0.          0.          0.          0.          0.          0.
  0.          0.          0.          0.          0.          0.          0.
  0.          0.          0.          0.          0.          0.          0.
  0.          0.          0.          0.          0.          0.          0.
  0.          0.          0.          0.          0.          0.          0.
  0.          0.          0.          0.          0.          0.          0.
  0.          0.          0.          0.          0.          0.
  0.05450439  0.          0.          0.          0.          0.          0.
  0.          0.          0.          0.          0.          0.          0.
  0.          0.          0.          0.          0.          0.          0.
  0.          0.          0.00252057  0.00378085  0.00378085  0.00378085
  0.00378085  0.00378085  0.00378085  0.00378085  0.00378085  0.00252057
  0.00378092  0.00504112  0.00504112  0.00504112  0.00504112  0.00504112
  0.00378084  0.00128119  0.          0.00128119  0.          0.00498269
  0.00498269  0.00498269  0.00498269  0.          0.          0.00498269
  0.00498269  0.00498269  0.          0.00498269  0.          0.00993486
  0.00498269  0.          0.          0.          0.          0.
  0.02130958  0.02130958  0.01629525  0.00125382  0.00752085  0.00128119
  0.00128119  0.00498269  0.00498269  0.00498269  0.00498269  0.00993486
  0.00498269  0.00498269  0.00498269  0.00498269  0.00498269]
41, SUM = 0.375000 : [ 0.07043457  0.          0.          0.          0.          0.          0.
  0.          0.          0.          0.          0.          0.          0.
  0.          0.          0.          0.          0.          0.          0.
  0.          0.          0.          0.          0.          0.          0.
  0.          0.          0.          0.          0.          0.          0.
  0.          0.          0.          0.          0.          0.          0.
  0.          0.          0.          0.          0.          0.
  0.05477905  0.          0.          0.          0.          0.          0.
  0.          0.          0.          0.          0.          0.          0.
  0.          0.          0.          0.          0.          0.          0.
  0.          0.          0.00250473  0.00375708  0.00375708  0.00375708
  0.00375708  0.00375708  0.00375708  0.00375708  0.00375708  0.00250473
  0.00375725  0.00500942  0.00500942  0.00500942  0.00500942  0.00500942
  0.00375707  0.00126621  0.          0.00126621  0.          0.00496882
  0.00496882  0.00496882  0.00496882  0.          0.          0.00496119
  0.00496119  0.00496882  0.          0.00496882  0.          0.00993763
  0.00496882  0.          0.          0.          0.          0.
  0.02134779  0.02134779  0.01632477  0.00125576  0.0075345   0.00126621
  0.00126621  0.00496882  0.00496882  0.00496882  0.00496882  0.00993763
  0.00496882  0.00496882  0.00496119  0.00496119  0.00496882]
40, SUM = 0.375000 : [ 0.07025146  0.          0.          0.          0.          0.          0.
  0.          0.          0.          0.          0.          0.          0.
  0.          0.          0.          0.          0.          0.          0.
  0.          0.          0.          0.          0.          0.          0.
  0.          0.          0.          0.          0.          0.          0.
  0.          0.          0.          0.          0.          0.          0.
  0.          0.          0.          0.          0.          0.
  0.05464172  0.          0.          0.          0.          0.          0.
  0.          0.          0.          0.          0.          0.          0.
  0.          0.          0.          0.          0.          0.          0.
  0.          0.          0.00251351  0.00377027  0.00377027  0.00377027
  0.00377027  0.00377027  0.00377027  0.00377027  0.00377027  0.00251351
  0.00377027  0.00502702  0.00502702  0.00502702  0.00502702  0.00502702
  0.00377027  0.00126198  0.          0.00126198  0.          0.00497437
  0.00497437  0.00497437  0.00497437  0.          0.          0.00497437
  0.00497437  0.00497437  0.          0.00497437  0.          0.0099411
  0.00497437  0.          0.          0.          0.          0.
  0.02133604  0.02133604  0.01631577  0.00125509  0.00753035  0.00126198
  0.00126198  0.00497437  0.00497437  0.00497437  0.00497437  0.0099411
  0.00497437  0.00497437  0.00497437  0.00497437  0.00497437]
39, SUM = 0.375000 : [ 0.07034302  0.          0.          0.          0.          0.          0.
  0.          0.          0.          0.          0.          0.          0.
  0.          0.          0.          0.          0.          0.          0.
  0.          0.          0.          0.          0.          0.          0.
  0.          0.          0.          0.          0.          0.          0.
  0.          0.          0.          0.          0.          0.          0.
  0.          0.          0.          0.          0.          0.
  0.05471039  0.          0.          0.          0.          0.          0.
  0.          0.          0.          0.          0.          0.          0.
  0.          0.          0.          0.          0.          0.          0.
  0.          0.          0.00250955  0.00376433  0.00376433  0.00376433
  0.00376433  0.00376433  0.00376433  0.00376433  0.00376433  0.00250955
  0.00376434  0.0050191   0.0050191   0.0050191   0.0050191   0.0050191
  0.00376433  0.00125824  0.          0.00125824  0.          0.0049709
  0.0049709   0.0049709   0.0049709   0.          0.          0.00496899
  0.00496899  0.0049709   0.          0.0049709   0.          0.00994179
  0.0049709   0.          0.          0.          0.          0.          0.0213456
  0.0213456   0.0163231   0.00125562  0.00753374  0.00125824  0.00125824
  0.0049709   0.0049709   0.0049709   0.0049709   0.00994179  0.0049709
  0.0049709   0.00496899  0.00496899  0.0049709 ]
38, SUM = 0.375000 : [ 0.07029724  0.          0.          0.          0.          0.          0.
  0.          0.          0.          0.          0.          0.          0.
  0.          0.          0.          0.          0.          0.          0.
  0.          0.          0.          0.          0.          0.          0.
  0.          0.          0.          0.          0.          0.          0.
  0.          0.          0.          0.          0.          0.          0.
  0.          0.          0.          0.          0.          0.
  0.05467606  0.          0.          0.          0.          0.          0.
  0.          0.          0.          0.          0.          0.          0.
  0.          0.          0.          0.          0.          0.          0.
  0.          0.          0.00251175  0.00376762  0.00376762  0.00376762
  0.00376762  0.00376762  0.00376762  0.00376762  0.00376762  0.00251175
  0.00376762  0.0050235   0.0050235   0.0050235   0.0050235   0.0050235
  0.00376762  0.00125718  0.          0.00125718  0.          0.00497228
  0.00497228  0.00497228  0.00497228  0.          0.          0.00497228
  0.00497228  0.00497228  0.          0.00497228  0.          0.00994266
  0.00497228  0.          0.          0.          0.          0.
  0.02134266  0.02134266  0.01632085  0.00125545  0.0075327   0.00125718
  0.00125718  0.00497228  0.00497228  0.00497228  0.00497228  0.00994266
  0.00497228  0.00497228  0.00497228  0.00497228  0.00497228]
37, SUM = 0.375000 : [ 0.07032013  0.          0.          0.          0.          0.          0.
  0.          0.          0.          0.          0.          0.          0.
  0.          0.          0.          0.          0.          0.          0.
  0.          0.          0.          0.          0.          0.          0.
  0.          0.          0.          0.          0.          0.          0.
  0.          0.          0.          0.          0.          0.          0.
  0.          0.          0.          0.          0.          0.
  0.05469322  0.          0.          0.          0.          0.          0.
  0.          0.          0.          0.          0.          0.          0.
  0.          0.          0.          0.          0.          0.          0.
  0.          0.          0.00251076  0.00376614  0.00376614  0.00376614
  0.00376614  0.00376614  0.00376614  0.00376614  0.00376614  0.00251076
  0.00376614  0.00502152  0.00502152  0.00502152  0.00502152  0.00502152
  0.00376614  0.00125624  0.          0.00125624  0.          0.00497142
  0.00497142  0.00497142  0.00497142  0.          0.          0.00497094
  0.00497094  0.00497142  0.          0.00497142  0.          0.00994284
  0.00497142  0.          0.          0.          0.          0.
  0.02134505  0.02134505  0.01632268  0.00125559  0.00753355  0.00125624
  0.00125624  0.00497142  0.00497142  0.00497142  0.00497142  0.00994284
  0.00497142  0.00497142  0.00497094  0.00497094  0.00497142]
36, SUM = 0.375000 : [ 0.07030869  0.          0.          0.          0.          0.          0.
  0.          0.          0.          0.          0.          0.          0.
  0.          0.          0.          0.          0.          0.          0.
  0.          0.          0.          0.          0.          0.          0.
  0.          0.          0.          0.          0.          0.          0.
  0.          0.          0.          0.          0.          0.          0.
  0.          0.          0.          0.          0.          0.
  0.05468464  0.          0.          0.          0.          0.          0.
  0.          0.          0.          0.          0.          0.          0.
  0.          0.          0.          0.          0.          0.          0.
  0.          0.          0.00251131  0.00376696  0.00376696  0.00376696
  0.00376696  0.00376696  0.00376696  0.00376696  0.00376696  0.00251131
  0.00376696  0.00502262  0.00502262  0.00502262  0.00502262  0.00502262
  0.00376696  0.00125598  0.          0.00125598  0.          0.00497176
  0.00497176  0.00497176  0.00497176  0.          0.          0.00497176
  0.00497176  0.00497176  0.          0.00497176  0.          0.00994305
  0.00497176  0.          0.          0.          0.          0.
  0.02134431  0.02134431  0.01632212  0.00125555  0.00753329  0.00125598
  0.00125598  0.00497176  0.00497176  0.00497176  0.00497176  0.00994305
  0.00497176  0.00497176  0.00497176  0.00497176  0.00497176]
35, SUM = 0.375000 : [ 0.07031441  0.          0.          0.          0.          0.          0.
  0.          0.          0.          0.          0.          0.          0.
  0.          0.          0.          0.          0.          0.          0.
  0.          0.          0.          0.          0.          0.          0.
  0.          0.          0.          0.          0.          0.          0.
  0.          0.          0.          0.          0.          0.          0.
  0.          0.          0.          0.          0.          0.
  0.05468893  0.          0.          0.          0.          0.          0.
  0.          0.          0.          0.          0.          0.          0.
  0.          0.          0.          0.          0.          0.          0.
  0.          0.          0.00251106  0.00376659  0.00376659  0.00376659
  0.00376659  0.00376659  0.00376659  0.00376659  0.00376659  0.00251106
  0.00376659  0.00502212  0.00502212  0.00502212  0.00502212  0.00502212
  0.00376659  0.00125575  0.          0.00125575  0.          0.00497155
  0.00497155  0.00497155  0.00497155  0.          0.          0.00497143
  0.00497143  0.00497155  0.          0.00497155  0.          0.0099431
  0.00497155  0.          0.          0.          0.          0.
  0.02134491  0.02134491  0.01632258  0.00125558  0.0075335   0.00125575
  0.00125575  0.00497155  0.00497155  0.00497155  0.00497155  0.0099431
  0.00497155  0.00497155  0.00497143  0.00497143  0.00497155]
34, SUM = 0.375000 : [ 0.07031155  0.          0.          0.          0.          0.          0.
  0.          0.          0.          0.          0.          0.          0.
  0.          0.          0.          0.          0.          0.          0.
  0.          0.          0.          0.          0.          0.          0.
  0.          0.          0.          0.          0.          0.          0.
  0.          0.          0.          0.          0.          0.          0.
  0.          0.          0.          0.          0.          0.
  0.05468678  0.          0.          0.          0.          0.          0.
  0.          0.          0.          0.          0.          0.          0.
  0.          0.          0.          0.          0.          0.          0.
  0.          0.          0.0025112   0.0037668   0.0037668   0.0037668
  0.0037668   0.0037668   0.0037668   0.0037668   0.0037668   0.0025112
  0.0037668   0.00502239  0.00502239  0.00502239  0.00502239  0.00502239
  0.0037668   0.00125568  0.          0.00125568  0.          0.00497163
  0.00497163  0.00497163  0.00497163  0.          0.          0.00497163
  0.00497163  0.00497163  0.          0.00497163  0.          0.00994315
  0.00497163  0.          0.          0.          0.          0.
  0.02134473  0.02134473  0.01632244  0.00125557  0.00753343  0.00125568
  0.00125568  0.00497163  0.00497163  0.00497163  0.00497163  0.00994315
  0.00497163  0.00497163  0.00497163  0.00497163  0.00497163]
33, SUM = 0.375000 : [ 0.07031298  0.          0.          0.          0.          0.          0.
  0.          0.          0.          0.          0.          0.          0.
  0.          0.          0.          0.          0.          0.          0.
  0.          0.          0.          0.          0.          0.          0.
  0.          0.          0.          0.          0.          0.          0.
  0.          0.          0.          0.          0.          0.          0.
  0.          0.          0.          0.          0.          0.
  0.05468786  0.          0.          0.          0.          0.          0.
  0.          0.          0.          0.          0.          0.          0.
  0.          0.          0.          0.          0.          0.          0.
  0.          0.          0.00251114  0.0037667   0.0037667   0.0037667
  0.0037667   0.0037667   0.0037667   0.0037667   0.0037667   0.00251114
  0.0037667   0.00502227  0.00502227  0.00502227  0.00502227  0.00502227
  0.0037667   0.00125562  0.          0.00125562  0.          0.00497158
  0.00497158  0.00497158  0.00497158  0.          0.          0.00497155
  0.00497155  0.00497158  0.          0.00497158  0.          0.00994316
  0.00497158  0.          0.          0.          0.          0.
  0.02134488  0.02134488  0.01632255  0.00125558  0.00753349  0.00125562
  0.00125562  0.00497158  0.00497158  0.00497158  0.00497158  0.00994316
  0.00497158  0.00497158  0.00497155  0.00497155  0.00497158]
32, SUM = 0.375000 : [ 0.07031226  0.          0.          0.          0.          0.          0.
  0.          0.          0.          0.          0.          0.          0.
  0.          0.          0.          0.          0.          0.          0.
  0.          0.          0.          0.          0.          0.          0.
  0.          0.          0.          0.          0.          0.          0.
  0.          0.          0.          0.          0.          0.          0.
  0.          0.          0.          0.          0.          0.
  0.05468732  0.          0.          0.          0.          0.          0.
  0.          0.          0.          0.          0.          0.          0.
  0.          0.          0.          0.          0.          0.          0.
  0.          0.          0.00251117  0.00376675  0.00376675  0.00376675
  0.00376675  0.00376675  0.00376675  0.00376675  0.00376675  0.00251117
  0.00376675  0.00502234  0.00502234  0.00502234  0.00502234  0.00502234
  0.00376675  0.00125561  0.          0.00125561  0.          0.0049716
  0.0049716   0.0049716   0.0049716   0.          0.          0.0049716
  0.0049716   0.0049716   0.          0.0049716   0.          0.00994317
  0.0049716   0.          0.          0.          0.          0.
  0.02134483  0.02134483  0.01632252  0.00125558  0.00753347  0.00125561
  0.00125561  0.0049716   0.0049716   0.0049716   0.0049716   0.00994317
  0.0049716   0.0049716   0.0049716   0.0049716   0.0049716 ]
31, SUM = 0.375000 : [ 0.07031262  0.          0.          0.          0.          0.          0.
  0.          0.          0.          0.          0.          0.          0.
  0.          0.          0.          0.          0.          0.          0.
  0.          0.          0.          0.          0.          0.          0.
  0.          0.          0.          0.          0.          0.          0.
  0.          0.          0.          0.          0.          0.          0.
  0.          0.          0.          0.          0.          0.
  0.05468759  0.          0.          0.          0.          0.          0.
  0.          0.          0.          0.          0.          0.          0.
  0.          0.          0.          0.          0.          0.          0.
  0.          0.          0.00251115  0.00376673  0.00376673  0.00376673
  0.00376673  0.00376673  0.00376673  0.00376673  0.00376673  0.00251115
  0.00376673  0.00502231  0.00502231  0.00502231  0.00502231  0.00502231
  0.00376673  0.00125559  0.          0.00125559  0.          0.00497159
  0.00497159  0.00497159  0.00497159  0.          0.          0.00497158
  0.00497158  0.00497159  0.          0.00497159  0.          0.00994318
  0.00497159  0.          0.          0.          0.          0.
  0.02134487  0.02134487  0.01632255  0.00125558  0.00753348  0.00125559
  0.00125559  0.00497159  0.00497159  0.00497159  0.00497159  0.00994318
  0.00497159  0.00497159  0.00497158  0.00497158  0.00497159]
30, SUM = 0.375000 : [ 0.07031244  0.          0.          0.          0.          0.          0.
  0.          0.          0.          0.          0.          0.          0.
  0.          0.          0.          0.          0.          0.          0.
  0.          0.          0.          0.          0.          0.          0.
  0.          0.          0.          0.          0.          0.          0.
  0.          0.          0.          0.          0.          0.          0.
  0.          0.          0.          0.          0.          0.
  0.05468746  0.          0.          0.          0.          0.          0.
  0.          0.          0.          0.          0.          0.          0.
  0.          0.          0.          0.          0.          0.          0.
  0.          0.          0.00251116  0.00376674  0.00376674  0.00376674
  0.00376674  0.00376674  0.00376674  0.00376674  0.00376674  0.00251116
  0.00376674  0.00502233  0.00502233  0.00502233  0.00502233  0.00502233
  0.00376674  0.00125559  0.          0.00125559  0.          0.00497159
  0.00497159  0.00497159  0.00497159  0.          0.          0.00497159
  0.00497159  0.00497159  0.          0.00497159  0.          0.00994318
  0.00497159  0.          0.          0.          0.          0.
  0.02134486  0.02134486  0.01632254  0.00125558  0.00753348  0.00125559
  0.00125559  0.00497159  0.00497159  0.00497159  0.00497159  0.00994318
  0.00497159  0.00497159  0.00497159  0.00497159  0.00497159]
29, SUM = 0.375000 : [ 0.07031253  0.          0.          0.          0.          0.          0.
  0.          0.          0.          0.          0.          0.          0.
  0.          0.          0.          0.          0.          0.          0.
  0.          0.          0.          0.          0.          0.          0.
  0.          0.          0.          0.          0.          0.          0.
  0.          0.          0.          0.          0.          0.          0.
  0.          0.          0.          0.          0.          0.
  0.05468752  0.          0.          0.          0.          0.          0.
  0.          0.          0.          0.          0.          0.          0.
  0.          0.          0.          0.          0.          0.          0.
  0.          0.          0.00251116  0.00376674  0.00376674  0.00376674
  0.00376674  0.00376674  0.00376674  0.00376674  0.00376674  0.00251116
  0.00376674  0.00502232  0.00502232  0.00502232  0.00502232  0.00502232
  0.00376674  0.00125558  0.          0.00125558  0.          0.00497159
  0.00497159  0.00497159  0.00497159  0.          0.          0.00497159
  0.00497159  0.00497159  0.          0.00497159  0.          0.00994318
  0.00497159  0.          0.          0.          0.          0.
  0.02134487  0.02134487  0.01632255  0.00125558  0.00753348  0.00125558
  0.00125558  0.00497159  0.00497159  0.00497159  0.00497159  0.00994318
  0.00497159  0.00497159  0.00497159  0.00497159  0.00497159]
28, SUM = 0.375000 : [ 0.07031249  0.          0.          0.          0.          0.          0.
  0.          0.          0.          0.          0.          0.          0.
  0.          0.          0.          0.          0.          0.          0.
  0.          0.          0.          0.          0.          0.          0.
  0.          0.          0.          0.          0.          0.          0.
  0.          0.          0.          0.          0.          0.          0.
  0.          0.          0.          0.          0.          0.
  0.05468749  0.          0.          0.          0.          0.          0.
  0.          0.          0.          0.          0.          0.          0.
  0.          0.          0.          0.          0.          0.          0.
  0.          0.          0.00251116  0.00376674  0.00376674  0.00376674
  0.00376674  0.00376674  0.00376674  0.00376674  0.00376674  0.00251116
  0.00376674  0.00502232  0.00502232  0.00502232  0.00502232  0.00502232
  0.00376674  0.00125558  0.          0.00125558  0.          0.00497159
  0.00497159  0.00497159  0.00497159  0.          0.          0.00497159
  0.00497159  0.00497159  0.          0.00497159  0.          0.00994318
  0.00497159  0.          0.          0.          0.          0.
  0.02134486  0.02134486  0.01632254  0.00125558  0.00753348  0.00125558
  0.00125558  0.00497159  0.00497159  0.00497159  0.00497159  0.00994318
  0.00497159  0.00497159  0.00497159  0.00497159  0.00497159]
27, SUM = 0.375000 : [ 0.07031251  0.          0.          0.          0.          0.          0.
  0.          0.          0.          0.          0.          0.          0.
  0.          0.          0.          0.          0.          0.          0.
  0.          0.          0.          0.          0.          0.          0.
  0.          0.          0.          0.          0.          0.          0.
  0.          0.          0.          0.          0.          0.          0.
  0.          0.          0.          0.          0.          0.
  0.05468751  0.          0.          0.          0.          0.          0.
  0.          0.          0.          0.          0.          0.          0.
  0.          0.          0.          0.          0.          0.          0.
  0.          0.          0.00251116  0.00376674  0.00376674  0.00376674
  0.00376674  0.00376674  0.00376674  0.00376674  0.00376674  0.00251116
  0.00376674  0.00502232  0.00502232  0.00502232  0.00502232  0.00502232
  0.00376674  0.00125558  0.          0.00125558  0.          0.00497159
  0.00497159  0.00497159  0.00497159  0.          0.          0.00497159
  0.00497159  0.00497159  0.          0.00497159  0.          0.00994318
  0.00497159  0.          0.          0.          0.          0.
  0.02134487  0.02134487  0.01632254  0.00125558  0.00753348  0.00125558
  0.00125558  0.00497159  0.00497159  0.00497159  0.00497159  0.00994318
  0.00497159  0.00497159  0.00497159  0.00497159  0.00497159]
26, SUM = 0.375000 : [ 0.0703125   0.          0.          0.          0.          0.          0.
  0.          0.          0.          0.          0.          0.          0.
  0.          0.          0.          0.          0.          0.          0.
  0.          0.          0.          0.          0.          0.          0.
  0.          0.          0.          0.          0.          0.          0.
  0.          0.          0.          0.          0.          0.          0.
  0.          0.          0.          0.          0.          0.          0.0546875
  0.          0.          0.          0.          0.          0.          0.
  0.          0.          0.          0.          0.          0.          0.
  0.          0.          0.          0.          0.          0.          0.
  0.          0.00251116  0.00376674  0.00376674  0.00376674  0.00376674
  0.00376674  0.00376674  0.00376674  0.00376674  0.00251116  0.00376674
  0.00502232  0.00502232  0.00502232  0.00502232  0.00502232  0.00376674
  0.00125558  0.          0.00125558  0.          0.00497159  0.00497159
  0.00497159  0.00497159  0.          0.          0.00497159  0.00497159
  0.00497159  0.          0.00497159  0.          0.00994318  0.00497159
  0.          0.          0.          0.          0.          0.02134487
  0.02134487  0.01632254  0.00125558  0.00753348  0.00125558  0.00125558
  0.00497159  0.00497159  0.00497159  0.00497159  0.00994318  0.00497159
  0.00497159  0.00497159  0.00497159  0.00497159]
25, SUM = 0.375000 : [ 0.0703125   0.          0.          0.          0.          0.          0.
  0.          0.          0.          0.          0.          0.          0.
  0.          0.          0.          0.          0.          0.          0.
  0.          0.          0.          0.          0.          0.          0.
  0.          0.          0.          0.          0.          0.          0.
  0.          0.          0.          0.          0.          0.          0.
  0.          0.          0.          0.          0.          0.          0.0546875
  0.          0.          0.          0.          0.          0.          0.
  0.          0.          0.          0.          0.          0.          0.
  0.          0.          0.          0.          0.          0.          0.
  0.          0.00251116  0.00376674  0.00376674  0.00376674  0.00376674
  0.00376674  0.00376674  0.00376674  0.00376674  0.00251116  0.00376674
  0.00502232  0.00502232  0.00502232  0.00502232  0.00502232  0.00376674
  0.00125558  0.          0.00125558  0.          0.00497159  0.00497159
  0.00497159  0.00497159  0.          0.          0.00497159  0.00497159
  0.00497159  0.          0.00497159  0.          0.00994318  0.00497159
  0.          0.          0.          0.          0.          0.02134487
  0.02134487  0.01632254  0.00125558  0.00753348  0.00125558  0.00125558
  0.00497159  0.00497159  0.00497159  0.00497159  0.00994318  0.00497159
  0.00497159  0.00497159  0.00497159  0.00497159]
24, SUM = 0.375000 : [ 0.0703125   0.          0.          0.          0.          0.          0.
  0.          0.          0.          0.          0.          0.          0.
  0.          0.          0.          0.          0.          0.          0.
  0.          0.          0.          0.          0.          0.          0.
  0.          0.          0.          0.          0.          0.          0.
  0.          0.          0.          0.          0.          0.          0.
  0.          0.          0.          0.          0.          0.          0.0546875
  0.          0.          0.          0.          0.          0.          0.
  0.          0.          0.          0.          0.          0.          0.
  0.          0.          0.          0.          0.          0.          0.
  0.          0.00251116  0.00376674  0.00376674  0.00376674  0.00376674
  0.00376674  0.00376674  0.00376674  0.00376674  0.00251116  0.00376674
  0.00502232  0.00502232  0.00502232  0.00502232  0.00502232  0.00376674
  0.00125558  0.          0.00125558  0.          0.00497159  0.00497159
  0.00497159  0.00497159  0.          0.          0.00497159  0.00497159
  0.00497159  0.          0.00497159  0.          0.00994318  0.00497159
  0.          0.          0.          0.          0.          0.02134487
  0.02134487  0.01632254  0.00125558  0.00753348  0.00125558  0.00125558
  0.00497159  0.00497159  0.00497159  0.00497159  0.00994318  0.00497159
  0.00497159  0.00497159  0.00497159  0.00497159]
23, SUM = 0.375000 : [ 0.0703125   0.          0.          0.          0.          0.          0.
  0.          0.          0.          0.          0.          0.          0.
  0.          0.          0.          0.          0.          0.          0.
  0.          0.          0.          0.          0.          0.          0.
  0.          0.          0.          0.          0.          0.          0.
  0.          0.          0.          0.          0.          0.          0.
  0.          0.          0.          0.          0.          0.          0.0546875
  0.          0.          0.          0.          0.          0.          0.
  0.          0.          0.          0.          0.          0.          0.
  0.          0.          0.          0.          0.          0.          0.
  0.          0.00251116  0.00376674  0.00376674  0.00376674  0.00376674
  0.00376674  0.00376674  0.00376674  0.00376674  0.00251116  0.00376674
  0.00502232  0.00502232  0.00502232  0.00502232  0.00502232  0.00376674
  0.00125558  0.          0.00125558  0.          0.00497159  0.00497159
  0.00497159  0.00497159  0.          0.          0.00497159  0.00497159
  0.00497159  0.          0.00497159  0.          0.00994318  0.00497159
  0.          0.          0.          0.          0.          0.02134487
  0.02134487  0.01632254  0.00125558  0.00753348  0.00125558  0.00125558
  0.00497159  0.00497159  0.00497159  0.00497159  0.00994318  0.00497159
  0.00497159  0.00497159  0.00497159  0.00497159]
22, SUM = 0.375000 : [ 0.0703125   0.          0.          0.          0.          0.          0.
  0.          0.          0.          0.          0.          0.          0.
  0.          0.          0.          0.          0.          0.          0.
  0.          0.          0.          0.          0.          0.          0.
  0.          0.          0.          0.          0.          0.          0.
  0.          0.          0.          0.          0.          0.          0.
  0.          0.          0.          0.          0.          0.          0.0546875
  0.          0.          0.          0.          0.          0.          0.
  0.          0.          0.          0.          0.          0.          0.
  0.          0.          0.          0.          0.          0.          0.
  0.          0.00251116  0.00376674  0.00376674  0.00376674  0.00376674
  0.00376674  0.00376674  0.00376674  0.00376674  0.00251116  0.00376674
  0.00502232  0.00502232  0.00502232  0.00502232  0.00502232  0.00376674
  0.00125558  0.          0.00125558  0.          0.00497159  0.00497159
  0.00497159  0.00497159  0.          0.          0.00497159  0.00497159
  0.00497159  0.          0.00497159  0.          0.00994318  0.00497159
  0.          0.          0.          0.          0.          0.02134487
  0.02134487  0.01632254  0.00125558  0.00753348  0.00125558  0.00125558
  0.00497159  0.00497159  0.00497159  0.00497159  0.00994318  0.00497159
  0.00497159  0.00497159  0.00497159  0.00497159]
21, SUM = 0.375000 : [ 0.0703125   0.          0.          0.          0.          0.          0.
  0.          0.          0.          0.          0.          0.          0.
  0.          0.          0.          0.          0.          0.          0.
  0.          0.          0.          0.          0.          0.          0.
  0.          0.          0.          0.          0.          0.          0.
  0.          0.          0.          0.          0.          0.          0.
  0.          0.          0.          0.          0.          0.          0.0546875
  0.          0.          0.          0.          0.          0.          0.
  0.          0.          0.          0.          0.          0.          0.
  0.          0.          0.          0.          0.          0.          0.
  0.          0.00251116  0.00376674  0.00376674  0.00376674  0.00376674
  0.00376674  0.00376674  0.00376674  0.00376674  0.00251116  0.00376674
  0.00502232  0.00502232  0.00502232  0.00502232  0.00502232  0.00376674
  0.00125558  0.          0.00125558  0.          0.00497159  0.00497159
  0.00497159  0.00497159  0.          0.          0.00497159  0.00497159
  0.00497159  0.          0.00497159  0.          0.00994318  0.00497159
  0.          0.          0.          0.          0.          0.02134487
  0.02134487  0.01632254  0.00125558  0.00753348  0.00125558  0.00125558
  0.00497159  0.00497159  0.00497159  0.00497159  0.00994318  0.00497159
  0.00497159  0.00497159  0.00497159  0.00497159]
20, SUM = 0.375000 : [ 0.0703125   0.          0.          0.          0.          0.          0.
  0.          0.          0.          0.          0.          0.          0.
  0.          0.          0.          0.          0.          0.          0.
  0.          0.          0.          0.          0.          0.          0.
  0.          0.          0.          0.          0.          0.          0.
  0.          0.          0.          0.          0.          0.          0.
  0.          0.          0.          0.          0.          0.          0.0546875
  0.          0.          0.          0.          0.          0.          0.
  0.          0.          0.          0.          0.          0.          0.
  0.          0.          0.          0.          0.          0.          0.
  0.          0.00251116  0.00376674  0.00376674  0.00376674  0.00376674
  0.00376674  0.00376674  0.00376674  0.00376674  0.00251116  0.00376674
  0.00502232  0.00502232  0.00502232  0.00502232  0.00502232  0.00376674
  0.00125558  0.          0.00125558  0.          0.00497159  0.00497159
  0.00497159  0.00497159  0.          0.          0.00497159  0.00497159
  0.00497159  0.          0.00497159  0.          0.00994318  0.00497159
  0.          0.          0.          0.          0.          0.02134487
  0.02134487  0.01632254  0.00125558  0.00753348  0.00125558  0.00125558
  0.00497159  0.00497159  0.00497159  0.00497159  0.00994318  0.00497159
  0.00497159  0.00497159  0.00497159  0.00497159]
19, SUM = 0.375000 : [ 0.0703125   0.          0.          0.          0.          0.          0.
  0.          0.          0.          0.          0.          0.          0.
  0.          0.          0.          0.          0.          0.          0.
  0.          0.          0.          0.          0.          0.          0.
  0.          0.          0.          0.          0.          0.          0.
  0.          0.          0.          0.          0.          0.          0.
  0.          0.          0.          0.          0.          0.          0.0546875
  0.          0.          0.          0.          0.          0.          0.
  0.          0.          0.          0.          0.          0.          0.
  0.          0.          0.          0.          0.          0.          0.
  0.          0.00251116  0.00376674  0.00376674  0.00376674  0.00376674
  0.00376674  0.00376674  0.00376674  0.00376674  0.00251116  0.00376674
  0.00502232  0.00502232  0.00502232  0.00502232  0.00502232  0.00376674
  0.00125558  0.          0.00125558  0.          0.00497159  0.00497159
  0.00497159  0.00497159  0.          0.          0.00497159  0.00497159
  0.00497159  0.          0.00497159  0.          0.00994318  0.00497159
  0.          0.          0.          0.          0.          0.02134487
  0.02134487  0.01632254  0.00125558  0.00753348  0.00125558  0.00125558
  0.00497159  0.00497159  0.00497159  0.00497159  0.00994318  0.00497159
  0.00497159  0.00497159  0.00497159  0.00497159]
18, SUM = 0.375000 : [ 0.0703125   0.          0.          0.          0.          0.          0.
  0.          0.          0.          0.          0.          0.          0.
  0.          0.          0.          0.          0.          0.          0.
  0.          0.          0.          0.          0.          0.          0.
  0.          0.          0.          0.          0.          0.          0.
  0.          0.          0.          0.          0.          0.          0.
  0.          0.          0.          0.          0.          0.          0.0546875
  0.          0.          0.          0.          0.          0.          0.
  0.          0.          0.          0.          0.          0.          0.
  0.          0.          0.          0.          0.          0.          0.
  0.          0.00251116  0.00376674  0.00376674  0.00376674  0.00376674
  0.00376674  0.00376674  0.00376674  0.00376674  0.00251116  0.00376674
  0.00502232  0.00502232  0.00502232  0.00502232  0.00502232  0.00376674
  0.00125558  0.          0.00125558  0.          0.00497159  0.00497159
  0.00497159  0.00497159  0.          0.          0.00497159  0.00497159
  0.00497159  0.          0.00497159  0.          0.00994318  0.00497159
  0.          0.          0.          0.          0.          0.02134487
  0.02134487  0.01632254  0.00125558  0.00753348  0.00125558  0.00125558
  0.00497159  0.00497159  0.00497159  0.00497159  0.00994318  0.00497159
  0.00497159  0.00497159  0.00497159  0.00497159]
17, SUM = 0.375000 : [ 0.0703125   0.          0.          0.          0.          0.          0.
  0.          0.          0.          0.          0.          0.          0.
  0.          0.          0.          0.          0.          0.          0.
  0.          0.          0.          0.          0.          0.          0.
  0.          0.          0.          0.          0.          0.          0.
  0.          0.          0.          0.          0.          0.          0.
  0.          0.          0.          0.          0.          0.          0.0546875
  0.          0.          0.          0.          0.          0.          0.
  0.          0.          0.          0.          0.          0.          0.
  0.          0.          0.          0.          0.          0.          0.
  0.          0.00251116  0.00376674  0.00376674  0.00376674  0.00376674
  0.00376674  0.00376674  0.00376674  0.00376674  0.00251116  0.00376674
  0.00502232  0.00502232  0.00502232  0.00502232  0.00502232  0.00376674
  0.00125558  0.          0.00125558  0.          0.00497159  0.00497159
  0.00497159  0.00497159  0.          0.          0.00497159  0.00497159
  0.00497159  0.          0.00497159  0.          0.00994318  0.00497159
  0.          0.          0.          0.          0.          0.02134487
  0.02134487  0.01632254  0.00125558  0.00753348  0.00125558  0.00125558
  0.00497159  0.00497159  0.00497159  0.00497159  0.00994318  0.00497159
  0.00497159  0.00497159  0.00497159  0.00497159]
16, SUM = 0.375000 : [ 0.0703125   0.          0.          0.          0.          0.          0.
  0.          0.          0.          0.          0.          0.          0.
  0.          0.          0.          0.          0.          0.          0.
  0.          0.          0.          0.          0.          0.          0.
  0.          0.          0.          0.          0.          0.          0.
  0.          0.          0.          0.          0.          0.          0.
  0.          0.          0.          0.          0.          0.          0.0546875
  0.          0.          0.          0.          0.          0.          0.
  0.          0.          0.          0.          0.          0.          0.
  0.          0.          0.          0.          0.          0.          0.
  0.          0.00251116  0.00376674  0.00376674  0.00376674  0.00376674
  0.00376674  0.00376674  0.00376674  0.00376674  0.00251116  0.00376674
  0.00502232  0.00502232  0.00502232  0.00502232  0.00502232  0.00376674
  0.00125558  0.          0.00125558  0.          0.00497159  0.00497159
  0.00497159  0.00497159  0.          0.          0.00497159  0.00497159
  0.00497159  0.          0.00497159  0.          0.00994318  0.00497159
  0.          0.          0.          0.          0.          0.02134487
  0.02134487  0.01632254  0.00125558  0.00753348  0.00125558  0.00125558
  0.00497159  0.00497159  0.00497159  0.00497159  0.00994318  0.00497159
  0.00497159  0.00497159  0.00497159  0.00497159]
15, SUM = 0.375000 : [ 0.0703125   0.          0.          0.          0.          0.          0.
  0.          0.          0.          0.          0.          0.          0.
  0.          0.          0.          0.          0.          0.          0.
  0.          0.          0.          0.          0.          0.          0.
  0.          0.          0.          0.          0.          0.          0.
  0.          0.          0.          0.          0.          0.          0.
  0.          0.          0.          0.          0.          0.          0.0546875
  0.          0.          0.          0.          0.          0.          0.
  0.          0.          0.          0.          0.          0.          0.
  0.          0.          0.          0.          0.          0.          0.
  0.          0.00251116  0.00376674  0.00376674  0.00376674  0.00376674
  0.00376674  0.00376674  0.00376674  0.00376674  0.00251116  0.00376674
  0.00502232  0.00502232  0.00502232  0.00502232  0.00502232  0.00376674
  0.00125558  0.          0.00125558  0.          0.00497159  0.00497159
  0.00497159  0.00497159  0.          0.          0.00497159  0.00497159
  0.00497159  0.          0.00497159  0.          0.00994318  0.00497159
  0.          0.          0.          0.          0.          0.02134487
  0.02134487  0.01632254  0.00125558  0.00753348  0.00125558  0.00125558
  0.00497159  0.00497159  0.00497159  0.00497159  0.00994318  0.00497159
  0.00497159  0.00497159  0.00497159  0.00497159]
14, SUM = 0.375000 : [ 0.0703125   0.          0.          0.          0.          0.          0.
  0.          0.          0.          0.          0.          0.          0.
  0.          0.          0.          0.          0.          0.          0.
  0.          0.          0.          0.          0.          0.          0.
  0.          0.          0.          0.          0.          0.          0.
  0.          0.          0.          0.          0.          0.          0.
  0.          0.          0.          0.          0.          0.          0.0546875
  0.          0.          0.          0.          0.          0.          0.
  0.          0.          0.          0.          0.          0.          0.
  0.          0.          0.          0.          0.          0.          0.
  0.          0.00251116  0.00376674  0.00376674  0.00376674  0.00376674
  0.00376674  0.00376674  0.00376674  0.00376674  0.00251116  0.00376674
  0.00502232  0.00502232  0.00502232  0.00502232  0.00502232  0.00376674
  0.00125558  0.          0.00125558  0.          0.00497159  0.00497159
  0.00497159  0.00497159  0.          0.          0.00497159  0.00497159
  0.00497159  0.          0.00497159  0.          0.00994318  0.00497159
  0.          0.          0.          0.          0.          0.02134487
  0.02134487  0.01632254  0.00125558  0.00753348  0.00125558  0.00125558
  0.00497159  0.00497159  0.00497159  0.00497159  0.00994318  0.00497159
  0.00497159  0.00497159  0.00497159  0.00497159]
13, SUM = 0.375000 : [ 0.0703125   0.          0.          0.          0.          0.          0.
  0.          0.          0.          0.          0.          0.          0.
  0.          0.          0.          0.          0.          0.          0.
  0.          0.          0.          0.          0.          0.          0.
  0.          0.          0.          0.          0.          0.          0.
  0.          0.          0.          0.          0.          0.          0.
  0.          0.          0.          0.          0.          0.          0.0546875
  0.          0.          0.          0.          0.          0.          0.
  0.          0.          0.          0.          0.          0.          0.
  0.          0.          0.          0.          0.          0.          0.
  0.          0.00251116  0.00376674  0.00376674  0.00376674  0.00376674
  0.00376674  0.00376674  0.00376674  0.00376674  0.00251116  0.00376674
  0.00502232  0.00502232  0.00502232  0.00502232  0.00502232  0.00376674
  0.00125558  0.          0.00125558  0.          0.00497159  0.00497159
  0.00497159  0.00497159  0.          0.          0.00497159  0.00497159
  0.00497159  0.          0.00497159  0.          0.00994318  0.00497159
  0.          0.          0.          0.          0.          0.02134487
  0.02134487  0.01632254  0.00125558  0.00753348  0.00125558  0.00125558
  0.00497159  0.00497159  0.00497159  0.00497159  0.00994318  0.00497159
  0.00497159  0.00497159  0.00497159  0.00497159]
12, SUM = 0.375000 : [ 0.0703125   0.          0.          0.          0.          0.          0.
  0.          0.          0.          0.          0.          0.          0.
  0.          0.          0.          0.          0.          0.          0.
  0.          0.          0.          0.          0.          0.          0.
  0.          0.          0.          0.          0.          0.          0.
  0.          0.          0.          0.          0.          0.          0.
  0.          0.          0.          0.          0.          0.          0.0546875
  0.          0.          0.          0.          0.          0.          0.
  0.          0.          0.          0.          0.          0.          0.
  0.          0.          0.          0.          0.          0.          0.
  0.          0.00251116  0.00376674  0.00376674  0.00376674  0.00376674
  0.00376674  0.00376674  0.00376674  0.00376674  0.00251116  0.00376674
  0.00502232  0.00502232  0.00502232  0.00502232  0.00502232  0.00376674
  0.00125558  0.          0.00125558  0.          0.00497159  0.00497159
  0.00497159  0.00497159  0.          0.          0.00497159  0.00497159
  0.00497159  0.          0.00497159  0.          0.00994318  0.00497159
  0.          0.          0.          0.          0.          0.02134487
  0.02134487  0.01632254  0.00125558  0.00753348  0.00125558  0.00125558
  0.00497159  0.00497159  0.00497159  0.00497159  0.00994318  0.00497159
  0.00497159  0.00497159  0.00497159  0.00497159]
11, SUM = 0.375000 : [ 0.0703125   0.          0.          0.          0.          0.          0.
  0.          0.          0.          0.          0.          0.          0.
  0.          0.          0.          0.          0.          0.          0.
  0.          0.          0.          0.          0.          0.          0.
  0.          0.          0.          0.          0.          0.          0.
  0.          0.          0.          0.          0.          0.          0.
  0.          0.          0.          0.          0.          0.          0.0546875
  0.          0.          0.          0.          0.          0.          0.
  0.          0.          0.          0.          0.          0.          0.
  0.          0.          0.          0.          0.          0.          0.
  0.          0.00251116  0.00376674  0.00376674  0.00376674  0.00376674
  0.00376674  0.00376674  0.00376674  0.00376674  0.00251116  0.00376674
  0.00502232  0.00502232  0.00502232  0.00502232  0.00502232  0.00376674
  0.00125558  0.          0.00125558  0.          0.00497159  0.00497159
  0.00497159  0.00497159  0.          0.          0.00497159  0.00497159
  0.00497159  0.          0.00497159  0.          0.00994318  0.00497159
  0.          0.          0.          0.          0.          0.02134487
  0.02134487  0.01632254  0.00125558  0.00753348  0.00125558  0.00125558
  0.00497159  0.00497159  0.00497159  0.00497159  0.00994318  0.00497159
  0.00497159  0.00497159  0.00497159  0.00497159]
10, SUM = 0.375000 : [ 0.0703125   0.          0.          0.          0.          0.          0.
  0.          0.          0.          0.          0.          0.          0.
  0.          0.          0.          0.          0.          0.          0.
  0.          0.          0.          0.          0.          0.          0.
  0.          0.          0.          0.          0.          0.          0.
  0.          0.          0.          0.          0.          0.          0.
  0.          0.          0.          0.          0.          0.          0.0546875
  0.          0.          0.          0.          0.          0.          0.
  0.          0.          0.          0.          0.          0.          0.
  0.          0.          0.          0.          0.          0.          0.
  0.          0.00251116  0.00376674  0.00376674  0.00376674  0.00376674
  0.00376674  0.00376674  0.00376674  0.00376674  0.00251116  0.00376674
  0.00502232  0.00502232  0.00502232  0.00502232  0.00502232  0.00376674
  0.00125558  0.          0.00125558  0.          0.00497159  0.00497159
  0.00497159  0.00497159  0.          0.          0.00497159  0.00497159
  0.00497159  0.          0.00497159  0.          0.00994318  0.00497159
  0.          0.          0.          0.          0.          0.02134487
  0.02134487  0.01632254  0.00125558  0.00753348  0.00125558  0.00125558
  0.00497159  0.00497159  0.00497159  0.00497159  0.00994318  0.00497159
  0.00497159  0.00497159  0.00497159  0.00497159]
9, SUM = 0.375000 : [ 0.0703125   0.          0.          0.          0.          0.          0.
  0.          0.          0.          0.          0.          0.          0.
  0.          0.          0.          0.          0.          0.          0.
  0.          0.          0.          0.          0.          0.          0.
  0.          0.          0.          0.          0.          0.          0.
  0.          0.          0.          0.          0.          0.          0.
  0.          0.          0.          0.          0.          0.          0.0546875
  0.          0.          0.          0.          0.          0.          0.
  0.          0.          0.          0.          0.          0.          0.
  0.          0.          0.          0.          0.          0.          0.
  0.          0.00251116  0.00376674  0.00376674  0.00376674  0.00376674
  0.00376674  0.00376674  0.00376674  0.00376674  0.00251116  0.00376674
  0.00502232  0.00502232  0.00502232  0.00502232  0.00502232  0.00376674
  0.00125558  0.          0.00125558  0.          0.00497159  0.00497159
  0.00497159  0.00497159  0.          0.          0.00497159  0.00497159
  0.00497159  0.          0.00497159  0.          0.00994318  0.00497159
  0.          0.          0.          0.          0.          0.02134487
  0.02134487  0.01632254  0.00125558  0.00753348  0.00125558  0.00125558
  0.00497159  0.00497159  0.00497159  0.00497159  0.00994318  0.00497159
  0.00497159  0.00497159  0.00497159  0.00497159]
8, SUM = 0.375000 : [ 0.0703125   0.          0.          0.          0.          0.          0.
  0.          0.          0.          0.          0.          0.          0.
  0.          0.          0.          0.          0.          0.          0.
  0.          0.          0.          0.          0.          0.          0.
  0.          0.          0.          0.          0.          0.          0.
  0.          0.          0.          0.          0.          0.          0.
  0.          0.          0.          0.          0.          0.          0.0546875
  0.          0.          0.          0.          0.          0.          0.
  0.          0.          0.          0.          0.          0.          0.
  0.          0.          0.          0.          0.          0.          0.
  0.          0.00251116  0.00376674  0.00376674  0.00376674  0.00376674
  0.00376674  0.00376674  0.00376674  0.00376674  0.00251116  0.00376674
  0.00502232  0.00502232  0.00502232  0.00502232  0.00502232  0.00376674
  0.00125558  0.          0.00125558  0.          0.00497159  0.00497159
  0.00497159  0.00497159  0.          0.          0.00497159  0.00497159
  0.00497159  0.          0.00497159  0.          0.00994318  0.00497159
  0.          0.          0.          0.          0.          0.02134487
  0.02134487  0.01632254  0.00125558  0.00753348  0.00125558  0.00125558
  0.00497159  0.00497159  0.00497159  0.00497159  0.00994318  0.00497159
  0.00497159  0.00497159  0.00497159  0.00497159]
7, SUM = 0.375000 : [ 0.0703125   0.          0.          0.          0.          0.          0.
  0.          0.          0.          0.          0.          0.          0.
  0.          0.          0.          0.          0.          0.          0.
  0.          0.          0.          0.          0.          0.          0.
  0.          0.          0.          0.          0.          0.          0.
  0.          0.          0.          0.          0.          0.          0.
  0.          0.          0.          0.          0.          0.          0.0546875
  0.          0.          0.          0.          0.          0.          0.
  0.          0.          0.          0.          0.          0.          0.
  0.          0.          0.          0.          0.          0.          0.
  0.          0.00251116  0.00376674  0.00376674  0.00376674  0.00376674
  0.00376674  0.00376674  0.00376674  0.00376674  0.00251116  0.00376674
  0.00502232  0.00502232  0.00502232  0.00502232  0.00502232  0.00376674
  0.00125558  0.          0.00125558  0.          0.00497159  0.00497159
  0.00497159  0.00497159  0.          0.          0.00497159  0.00497159
  0.00497159  0.          0.00497159  0.          0.00994318  0.00497159
  0.          0.          0.          0.          0.          0.02134487
  0.02134487  0.01632254  0.00125558  0.00753348  0.00125558  0.00125558
  0.00497159  0.00497159  0.00497159  0.00497159  0.00994318  0.00497159
  0.00497159  0.00497159  0.00497159  0.00497159]
6, SUM = 0.375000 : [ 0.0703125   0.          0.          0.          0.          0.          0.
  0.          0.          0.          0.          0.          0.          0.
  0.          0.          0.          0.          0.          0.          0.
  0.          0.          0.          0.          0.          0.          0.
  0.          0.          0.          0.          0.          0.          0.
  0.          0.          0.          0.          0.          0.          0.
  0.          0.          0.          0.          0.          0.          0.0546875
  0.          0.          0.          0.          0.          0.          0.
  0.          0.          0.          0.          0.          0.          0.
  0.          0.          0.          0.          0.          0.          0.
  0.          0.00251116  0.00376674  0.00376674  0.00376674  0.00376674
  0.00376674  0.00376674  0.00376674  0.00376674  0.00251116  0.00376674
  0.00502232  0.00502232  0.00502232  0.00502232  0.00502232  0.00376674
  0.00125558  0.          0.00125558  0.          0.00497159  0.00497159
  0.00497159  0.00497159  0.          0.          0.00497159  0.00497159
  0.00497159  0.          0.00497159  0.          0.00994318  0.00497159
  0.          0.          0.          0.          0.          0.02134487
  0.02134487  0.01632254  0.00125558  0.00753348  0.00125558  0.00125558
  0.00497159  0.00497159  0.00497159  0.00497159  0.00994318  0.00497159
  0.00497159  0.00497159  0.00497159  0.00497159]
5, SUM = 0.375000 : [ 0.0703125   0.          0.          0.          0.          0.          0.
  0.          0.          0.          0.          0.          0.          0.
  0.          0.          0.          0.          0.          0.          0.
  0.          0.          0.          0.          0.          0.          0.
  0.          0.          0.          0.          0.          0.          0.
  0.          0.          0.          0.          0.          0.          0.
  0.          0.          0.          0.          0.          0.          0.0546875
  0.          0.          0.          0.          0.          0.          0.
  0.          0.          0.          0.          0.          0.          0.
  0.          0.          0.          0.          0.          0.          0.
  0.          0.00251116  0.00376674  0.00376674  0.00376674  0.00376674
  0.00376674  0.00376674  0.00376674  0.00376674  0.00251116  0.00376674
  0.00502232  0.00502232  0.00502232  0.00502232  0.00502232  0.00376674
  0.00125558  0.          0.00125558  0.          0.00497159  0.00497159
  0.00497159  0.00497159  0.          0.          0.00497159  0.00497159
  0.00497159  0.          0.00497159  0.          0.00994318  0.00497159
  0.          0.          0.          0.          0.          0.02134487
  0.02134487  0.01632254  0.00125558  0.00753348  0.00125558  0.00125558
  0.00497159  0.00497159  0.00497159  0.00497159  0.00994318  0.00497159
  0.00497159  0.00497159  0.00497159  0.00497159]
4, SUM = 0.375000 : [ 0.0703125   0.          0.          0.          0.          0.          0.
  0.          0.          0.          0.          0.          0.          0.
  0.          0.          0.          0.          0.          0.          0.
  0.          0.          0.          0.          0.          0.          0.
  0.          0.          0.          0.          0.          0.          0.
  0.          0.          0.          0.          0.          0.          0.
  0.          0.          0.          0.          0.          0.          0.0546875
  0.          0.          0.          0.          0.          0.          0.
  0.          0.          0.          0.          0.          0.          0.
  0.          0.          0.          0.          0.          0.          0.
  0.          0.00251116  0.00376674  0.00376674  0.00376674  0.00376674
  0.00376674  0.00376674  0.00376674  0.00376674  0.00251116  0.00376674
  0.00502232  0.00502232  0.00502232  0.00502232  0.00502232  0.00376674
  0.00125558  0.          0.00125558  0.          0.00497159  0.00497159
  0.00497159  0.00497159  0.          0.          0.00497159  0.00497159
  0.00497159  0.          0.00497159  0.          0.00994318  0.00497159
  0.          0.          0.          0.          0.          0.02134487
  0.02134487  0.01632254  0.00125558  0.00753348  0.00125558  0.00125558
  0.00497159  0.00497159  0.00497159  0.00497159  0.00994318  0.00497159
  0.00497159  0.00497159  0.00497159  0.00497159]
3, SUM = 0.375000 : [ 0.0703125   0.          0.          0.          0.          0.          0.
  0.          0.          0.          0.          0.          0.          0.
  0.          0.          0.          0.          0.          0.          0.
  0.          0.          0.          0.          0.          0.          0.
  0.          0.          0.          0.          0.          0.          0.
  0.          0.          0.          0.          0.          0.          0.
  0.          0.          0.          0.          0.          0.          0.0546875
  0.          0.          0.          0.          0.          0.          0.
  0.          0.          0.          0.          0.          0.          0.
  0.          0.          0.          0.          0.          0.          0.
  0.          0.00251116  0.00376674  0.00376674  0.00376674  0.00376674
  0.00376674  0.00376674  0.00376674  0.00376674  0.00251116  0.00376674
  0.00502232  0.00502232  0.00502232  0.00502232  0.00502232  0.00376674
  0.00125558  0.          0.00125558  0.          0.00497159  0.00497159
  0.00497159  0.00497159  0.          0.          0.00497159  0.00497159
  0.00497159  0.          0.00497159  0.          0.00994318  0.00497159
  0.          0.          0.          0.          0.          0.02134487
  0.02134487  0.01632254  0.00125558  0.00753348  0.00125558  0.00125558
  0.00497159  0.00497159  0.00497159  0.00497159  0.00994318  0.00497159
  0.00497159  0.00497159  0.00497159  0.00497159]
2, SUM = 0.375000 : [ 0.0703125   0.          0.          0.          0.          0.          0.
  0.          0.          0.          0.          0.          0.          0.
  0.          0.          0.          0.          0.          0.          0.
  0.          0.          0.          0.          0.          0.          0.
  0.          0.          0.          0.          0.          0.          0.
  0.          0.          0.          0.          0.          0.          0.
  0.          0.          0.          0.          0.          0.          0.0546875
  0.          0.          0.          0.          0.          0.          0.
  0.          0.          0.          0.          0.          0.          0.
  0.          0.          0.          0.          0.          0.          0.
  0.          0.00251116  0.00376674  0.00376674  0.00376674  0.00376674
  0.00376674  0.00376674  0.00376674  0.00376674  0.00251116  0.00376674
  0.00502232  0.00502232  0.00502232  0.00502232  0.00502232  0.00376674
  0.00125558  0.          0.00125558  0.          0.00497159  0.00497159
  0.00497159  0.00497159  0.          0.          0.00497159  0.00497159
  0.00497159  0.          0.00497159  0.          0.00994318  0.00497159
  0.          0.          0.          0.          0.          0.02134487
  0.02134487  0.01632254  0.00125558  0.00753348  0.00125558  0.00125558
  0.00497159  0.00497159  0.00497159  0.00497159  0.00994318  0.00497159
  0.00497159  0.00497159  0.00497159  0.00497159]
1, SUM = 0.375000 : [ 0.0703125   0.          0.          0.          0.          0.          0.
  0.          0.          0.          0.          0.          0.          0.
  0.          0.          0.          0.          0.          0.          0.
  0.          0.          0.          0.          0.          0.          0.
  0.          0.          0.          0.          0.          0.          0.
  0.          0.          0.          0.          0.          0.          0.
  0.          0.          0.          0.          0.          0.          0.0546875
  0.          0.          0.          0.          0.          0.          0.
  0.          0.          0.          0.          0.          0.          0.
  0.          0.          0.          0.          0.          0.          0.
  0.          0.00251116  0.00376674  0.00376674  0.00376674  0.00376674
  0.00376674  0.00376674  0.00376674  0.00376674  0.00251116  0.00376674
  0.00502232  0.00502232  0.00502232  0.00502232  0.00502232  0.00376674
  0.00125558  0.          0.00125558  0.          0.00497159  0.00497159
  0.00497159  0.00497159  0.          0.          0.00497159  0.00497159
  0.00497159  0.          0.00497159  0.          0.00994318  0.00497159
  0.          0.          0.          0.          0.          0.02134487
  0.02134487  0.01632254  0.00125558  0.00753348  0.00125558  0.00125558
  0.00497159  0.00497159  0.00497159  0.00497159  0.00994318  0.00497159
  0.00497159  0.00497159  0.00497159  0.00497159]
0, SUM = 0.375000 : [ 0.0703125   0.          0.          0.          0.          0.          0.
  0.          0.          0.          0.          0.          0.          0.
  0.          0.          0.          0.          0.          0.          0.
  0.          0.          0.          0.          0.          0.          0.
  0.          0.          0.          0.          0.          0.          0.
  0.          0.          0.          0.          0.          0.          0.
  0.          0.          0.          0.          0.          0.          0.0546875
  0.          0.          0.          0.          0.          0.          0.
  0.          0.          0.          0.          0.          0.          0.
  0.          0.          0.          0.          0.          0.          0.
  0.          0.00251116  0.00376674  0.00376674  0.00376674  0.00376674
  0.00376674  0.00376674  0.00376674  0.00376674  0.00251116  0.00376674
  0.00502232  0.00502232  0.00502232  0.00502232  0.00502232  0.00376674
  0.00125558  0.          0.00125558  0.          0.00497159  0.00497159
  0.00497159  0.00497159  0.          0.          0.00497159  0.00497159
  0.00497159  0.          0.00497159  0.          0.00994318  0.00497159
  0.          0.          0.          0.          0.          0.02134487
  0.02134487  0.01632254  0.00125558  0.00753348  0.00125558  0.00125558
  0.00497159  0.00497159  0.00497159  0.00497159  0.00994318  0.00497159
  0.00497159  0.00497159  0.00497159  0.00497159]
