P 50, SUM = 0.996875 : [ 0.003125  0.003125  0.003125  0.003125  0.003125  0.003125  0.003125
  0.003125  0.003125  0.003125  0.003125  0.003125  0.003125  0.003125
  0.003125  0.003125  0.003125  0.003125  0.003125  0.003125  0.003125
  0.003125  0.003125  0.003125  0.003125  0.003125  0.003125  0.003125
  0.003125  0.003125  0.003125  0.003125  0.003125  0.003125  0.003125
  0.003125  0.003125  0.003125  0.003125  0.003125  0.003125  0.003125
  0.003125  0.003125  0.003125  0.003125  0.003125  0.003125  0.003125
  0.003125  0.003125  0.003125  0.003125  0.003125  0.003125  0.003125
  0.003125  0.003125  0.003125  0.003125  0.003125  0.003125  0.003125
  0.003125  0.003125  0.003125  0.003125  0.003125  0.003125  0.003125
  0.003125  0.003125  0.003125  0.003125  0.003125  0.003125  0.003125
  0.003125  0.003125  0.003125  0.003125  0.003125  0.003125  0.003125
  0.003125  0.003125  0.003125  0.003125  0.003125  0.003125  0.003125
  0.003125  0.003125  0.003125  0.003125  0.003125  0.003125  0.003125
  0.003125  0.003125  0.003125  0.003125  0.003125  0.003125  0.003125
  0.003125  0.003125  0.003125  0.003125  0.003125  0.003125  0.003125
  0.003125  0.003125  0.003125  0.003125  0.003125  0.6       0.003125
  0.003125  0.003125  0.003125  0.003125  0.003125  0.003125  0.003125
  0.003125  0.003125]
50, SUM = 1.000000 : [ 0.0078125  0.0078125  0.0078125  0.0078125  0.0078125  0.0078125
  0.0078125  0.0078125  0.0078125  0.0078125  0.0078125  0.0078125
  0.0078125  0.0078125  0.0078125  0.0078125  0.0078125  0.0078125
  0.0078125  0.0078125  0.0078125  0.0078125  0.0078125  0.0078125
  0.0078125  0.0078125  0.0078125  0.0078125  0.0078125  0.0078125
  0.0078125  0.0078125  0.0078125  0.0078125  0.0078125  0.0078125
  0.0078125  0.0078125  0.0078125  0.0078125  0.0078125  0.0078125
  0.0078125  0.0078125  0.0078125  0.0078125  0.0078125  0.0078125
  0.0078125  0.0078125  0.0078125  0.0078125  0.0078125  0.0078125
  0.0078125  0.0078125  0.0078125  0.0078125  0.0078125  0.0078125
  0.0078125  0.0078125  0.0078125  0.0078125  0.0078125  0.0078125
  0.0078125  0.0078125  0.0078125  0.0078125  0.0078125  0.0078125
  0.0078125  0.0078125  0.0078125  0.0078125  0.0078125  0.0078125
  0.0078125  0.0078125  0.0078125  0.0078125  0.0078125  0.0078125
  0.0078125  0.0078125  0.0078125  0.0078125  0.0078125  0.0078125
  0.0078125  0.0078125  0.0078125  0.0078125  0.0078125  0.0078125
  0.0078125  0.0078125  0.0078125  0.0078125  0.0078125  0.0078125
  0.0078125  0.0078125  0.0078125  0.0078125  0.0078125  0.0078125
  0.0078125  0.0078125  0.0078125  0.0078125  0.0078125  0.0078125
  0.0078125  0.0078125  0.0078125  0.0078125  0.0078125  0.0078125
  0.0078125  0.0078125  0.0078125  0.0078125  0.0078125  0.0078125
  0.0078125  0.0078125]
49, SUM = 0.530469 : [ 0.07695312  0.00078125  0.00078125  0.00078125  0.00078125  0.00078125
  0.00078125  0.00078125  0.00078125  0.00078125  0.00078125  0.00078125
  0.00078125  0.00078125  0.00078125  0.00078125  0.00078125  0.00078125
  0.00078125  0.00078125  0.00078125  0.00078125  0.00078125  0.00078125
  0.00078125  0.00078125  0.00078125  0.00078125  0.00078125  0.00078125
  0.00078125  0.00078125  0.00078125  0.00078125  0.00078125  0.00078125
  0.00078125  0.00078125  0.00078125  0.00078125  0.00078125  0.00078125
  0.00078125  0.00078125  0.00078125  0.00078125  0.00078125  0.00078125
  0.059375    0.00078125  0.00078125  0.00078125  0.00078125  0.00078125
  0.00078125  0.00078125  0.00078125  0.00078125  0.00078125  0.00078125
  0.00078125  0.00078125  0.00078125  0.00078125  0.00078125  0.00078125
  0.00078125  0.00078125  0.00078125  0.00078125  0.00078125  0.00123055
  0.00150823  0.00150823  0.00150823  0.00150823  0.00150823  0.00150823
  0.00150823  0.00150823  0.00123055  0.00421255  0.00204882  0.00204882
  0.00204882  0.00204882  0.00204882  0.00177115  0.00376325  0.00078125
  0.00376325  0.00078125  0.00397727  0.00397727  0.00397727  0.00397727
  0.00078125  0.00078125  0.00251243  0.00251243  0.00397727  0.00078125
  0.00397727  0.00078125  0.0071733   0.00397727  0.00078125  0.00078125
  0.00078125  0.00078125  0.00078125  0.01802804  0.01802804  0.01293597
  0.00181013  0.00573382  0.00376325  0.152982    0.00397727  0.00397727
  0.00397727  0.00397727  0.0071733   0.00397727  0.00397727  0.00251243
  0.00251243  0.00397727]
48, SUM = 0.600195 : [ 0.09511719  0.00078125  0.00078125  0.00078125  0.00078125  0.00078125
  0.00078125  0.00078125  0.00078125  0.00078125  0.00078125  0.00078125
  0.00078125  0.00078125  0.00078125  0.00078125  0.00078125  0.00078125
  0.00078125  0.00078125  0.00078125  0.00078125  0.00078125  0.00078125
  0.00078125  0.00078125  0.00078125  0.00078125  0.00078125  0.00078125
  0.00078125  0.00078125  0.00078125  0.00078125  0.00078125  0.00078125
  0.00078125  0.00078125  0.00078125  0.00078125  0.00078125  0.00078125
  0.00078125  0.00078125  0.00078125  0.00078125  0.00078125  0.00078125
  0.03081055  0.00078125  0.00078125  0.00078125  0.00078125  0.00078125
  0.00078125  0.00078125  0.00078125  0.00078125  0.00078125  0.00078125
  0.00078125  0.00078125  0.00078125  0.00078125  0.00078125  0.00078125
  0.00078125  0.00078125  0.00078125  0.00078125  0.00078125  0.00260723
  0.00349569  0.00349569  0.00349569  0.00349569  0.00349569  0.00349569
  0.00349569  0.00349569  0.00260723  0.00380134  0.00436937  0.00436937
  0.00436937  0.00436937  0.00436937  0.0034809   0.00270778  0.00078125
  0.05866481  0.00078125  0.00429687  0.00429687  0.00429687  0.00429687
  0.00078125  0.00078125  0.00415039  0.00415039  0.00429687  0.00078125
  0.00429687  0.00078125  0.00671387  0.00429687  0.00078125  0.00078125
  0.00078125  0.00078125  0.00078125  0.01321957  0.01321957  0.00994891
  0.00182313  0.0050549   0.00270778  0.15192653  0.00429687  0.00429687
  0.00429687  0.00429687  0.00671387  0.00429687  0.00429687  0.00415039
  0.00415039  0.00429687]
47, SUM = 0.652490 : [ 0.12137451  0.00078125  0.00078125  0.00078125  0.00078125  0.00078125
  0.00078125  0.00078125  0.00078125  0.00078125  0.00078125  0.00078125
  0.00078125  0.00078125  0.00078125  0.00078125  0.00078125  0.00078125
  0.00078125  0.00078125  0.00078125  0.00078125  0.00078125  0.00078125
  0.00078125  0.00078125  0.00078125  0.00078125  0.00078125  0.00078125
  0.00078125  0.00078125  0.00078125  0.00078125  0.00078125  0.00078125
  0.00078125  0.00078125  0.00078125  0.00078125  0.00078125  0.00078125
  0.00078125  0.00078125  0.00078125  0.00078125  0.00078125  0.00078125
  0.03460083  0.00078125  0.00078125  0.00078125  0.00078125  0.00078125
  0.00078125  0.00078125  0.00078125  0.00078125  0.00078125  0.00078125
  0.00078125  0.00078125  0.00078125  0.00078125  0.00078125  0.00078125
  0.00078125  0.00078125  0.00078125  0.00078125  0.00078125  0.00263836
  0.00356229  0.00356229  0.00356229  0.00356229  0.00356229  0.00356229
  0.00356229  0.00356229  0.00263836  0.00395898  0.00451517  0.00451517
  0.00451517  0.00451517  0.00451517  0.00359123  0.00243361  0.00078125
  0.05839064  0.00078125  0.00344294  0.00344294  0.00344294  0.00344294
  0.00078125  0.00078125  0.00309046  0.00309046  0.00344294  0.00078125
  0.00344294  0.00078125  0.00599476  0.00344294  0.00078125  0.00078125
  0.00078125  0.00078125  0.00078125  0.01904114  0.01904114  0.01460537
  0.00189336  0.00708618  0.00243361  0.17263625  0.00344294  0.00344294
  0.00344294  0.00344294  0.00599476  0.00344294  0.00344294  0.00309046
  0.00309046  0.00344294]
46, SUM = 0.691711 : [ 0.13632965  0.00078125  0.00078125  0.00078125  0.00078125  0.00078125
  0.00078125  0.00078125  0.00078125  0.00078125  0.00078125  0.00078125
  0.00078125  0.00078125  0.00078125  0.00078125  0.00078125  0.00078125
  0.00078125  0.00078125  0.00078125  0.00078125  0.00078125  0.00078125
  0.00078125  0.00078125  0.00078125  0.00078125  0.00078125  0.00078125
  0.00078125  0.00078125  0.00078125  0.00078125  0.00078125  0.00078125
  0.00078125  0.00078125  0.00078125  0.00078125  0.00078125  0.00078125
  0.00078125  0.00078125  0.00078125  0.00078125  0.00078125  0.00078125
  0.02798843  0.00078125  0.00078125  0.00078125  0.00078125  0.00078125
  0.00078125  0.00078125  0.00078125  0.00078125  0.00078125  0.00078125
  0.00078125  0.00078125  0.00078125  0.00078125  0.00078125  0.00078125
  0.00078125  0.00078125  0.00078125  0.00078125  0.00078125  0.00324685
  0.00448094  0.00448094  0.00448094  0.00448094  0.00448094  0.00448094
  0.00448094  0.00448094  0.00324685  0.00476964  0.0057366   0.0057366
  0.0057366   0.0057366   0.0057366   0.00450251  0.00250663  0.00078125
  0.06633262  0.00078125  0.00325193  0.00325193  0.00325193  0.00325193
  0.00078125  0.00078125  0.00308484  0.00308484  0.00325193  0.00078125
  0.00325193  0.00078125  0.00545824  0.00325193  0.00078125  0.00078125
  0.00078125  0.00078125  0.00078125  0.02221037  0.02221037  0.01702611
  0.0020889   0.00822329  0.00250663  0.17270927  0.00325193  0.00325193
  0.00325193  0.00325193  0.00545824  0.00325193  0.00325193  0.00308484
  0.00308484  0.00325193]
45, SUM = 0.721127 : [ 0.1493227   0.00078125  0.00078125  0.00078125  0.00078125  0.00078125
  0.00078125  0.00078125  0.00078125  0.00078125  0.00078125  0.00078125
  0.00078125  0.00078125  0.00078125  0.00078125  0.00078125  0.00078125
  0.00078125  0.00078125  0.00078125  0.00078125  0.00078125  0.00078125
  0.00078125  0.00078125  0.00078125  0.00078125  0.00078125  0.00078125
  0.00078125  0.00078125  0.00078125  0.00078125  0.00078125  0.00078125
  0.00078125  0.00078125  0.00078125  0.00078125  0.00078125  0.00078125
  0.00078125  0.00078125  0.00078125  0.00078125  0.00078125  0.00078125
  0.0265748   0.00078125  0.00078125  0.00078125  0.00078125  0.00078125
  0.00078125  0.00078125  0.00078125  0.00078125  0.00078125  0.00078125
  0.00078125  0.00078125  0.00078125  0.00078125  0.00078125  0.00078125
  0.00078125  0.00078125  0.00078125  0.00078125  0.00078125  0.00358696
  0.00499102  0.00499102  0.00499102  0.00499102  0.00499102  0.00499102
  0.00499102  0.00499102  0.00358696  0.00528322  0.0064179   0.0064179
  0.0064179   0.0064179   0.0064179   0.00501384  0.00263416  0.00078125
  0.06646015  0.00078125  0.00295487  0.00295487  0.00295487  0.00295487
  0.00078125  0.00078125  0.00275882  0.00275882  0.00295487  0.00078125
  0.00295487  0.00078125  0.00500318  0.00295487  0.00078125  0.00078125
  0.00078125  0.00078125  0.00078125  0.02584748  0.02584748  0.0198192
  0.00229038  0.00951063  0.00263416  0.17578765  0.00295487  0.00295487
  0.00295487  0.00295487  0.00500318  0.00295487  0.00295487  0.00275882
  0.00275882  0.00295487]
44, SUM = 0.743189 : [ 0.15840123  0.00078125  0.00078125  0.00078125  0.00078125  0.00078125
  0.00078125  0.00078125  0.00078125  0.00078125  0.00078125  0.00078125
  0.00078125  0.00078125  0.00078125  0.00078125  0.00078125  0.00078125
  0.00078125  0.00078125  0.00078125  0.00078125  0.00078125  0.00078125
  0.00078125  0.00078125  0.00078125  0.00078125  0.00078125  0.00078125
  0.00078125  0.00078125  0.00078125  0.00078125  0.00078125  0.00078125
  0.00078125  0.00078125  0.00078125  0.00078125  0.00078125  0.00078125
  0.00078125  0.00078125  0.00078125  0.00078125  0.00078125  0.00078125
  0.02418495  0.00078125  0.00078125  0.00078125  0.00078125  0.00078125
  0.00078125  0.00078125  0.00078125  0.00078125  0.00078125  0.00078125
  0.00078125  0.00078125  0.00078125  0.00078125  0.00078125  0.00078125
  0.00078125  0.00078125  0.00078125  0.00078125  0.00078125  0.00392144
  0.00549307  0.00549307  0.00549307  0.00549307  0.00549307  0.00549307
  0.00549307  0.00549307  0.00392144  0.00578026  0.00708742  0.00708742
  0.00708742  0.00708742  0.00708742  0.00551578  0.00276899  0.00078125
  0.06770155  0.00078125  0.00279529  0.00279529  0.00279529  0.00279529
  0.00078125  0.00078125  0.00262531  0.00262531  0.00279529  0.00078125
  0.00279529  0.00078125  0.00466228  0.00279529  0.00078125  0.00078125
  0.00078125  0.00078125  0.00078125  0.0284117   0.0284117   0.02177974
  0.00244158  0.01041594  0.00276899  0.17592248  0.00279529  0.00279529
  0.00279529  0.00279529  0.00466228  0.00279529  0.00279529  0.00262531
  0.00262531  0.00279529]
43, SUM = 0.759736 : [ 0.16545997  0.00078125  0.00078125  0.00078125  0.00078125  0.00078125
  0.00078125  0.00078125  0.00078125  0.00078125  0.00078125  0.00078125
  0.00078125  0.00078125  0.00078125  0.00078125  0.00078125  0.00078125
  0.00078125  0.00078125  0.00078125  0.00078125  0.00078125  0.00078125
  0.00078125  0.00078125  0.00078125  0.00078125  0.00078125  0.00078125
  0.00078125  0.00078125  0.00078125  0.00078125  0.00078125  0.00078125
  0.00078125  0.00078125  0.00078125  0.00078125  0.00078125  0.00078125
  0.00078125  0.00078125  0.00078125  0.00078125  0.00078125  0.00078125
  0.02289118  0.00078125  0.00078125  0.00078125  0.00078125  0.00078125
  0.00078125  0.00078125  0.00078125  0.00078125  0.00078125  0.00078125
  0.00078125  0.00078125  0.00078125  0.00078125  0.00078125  0.00078125
  0.00078125  0.00078125  0.00078125  0.00078125  0.00078125  0.00415615
  0.00584514  0.00584514  0.00584514  0.00584514  0.00584514  0.00584514
  0.00584514  0.00584514  0.00415615  0.00613247  0.00755686  0.00755686
  0.00755686  0.00755686  0.00755686  0.00586787  0.00288034  0.00078125
  0.0678129   0.00078125  0.00265397  0.00265397  0.00265397  0.00265397
  0.00078125  0.00078125  0.00247992  0.00247992  0.00265397  0.00078125
  0.00265397  0.00078125  0.0043992   0.00265397  0.00078125  0.00078125
  0.00078125  0.00078125  0.00078125  0.03051138  0.03051138  0.02338594
  0.0025645   0.01115728  0.00288034  0.1764488   0.00265397  0.00265397
  0.00265397  0.00265397  0.0043992   0.00265397  0.00265397  0.00247992
  0.00247992  0.00265397]
42, SUM = 0.772146 : [ 0.17066033  0.00078125  0.00078125  0.00078125  0.00078125  0.00078125
  0.00078125  0.00078125  0.00078125  0.00078125  0.00078125  0.00078125
  0.00078125  0.00078125  0.00078125  0.00078125  0.00078125  0.00078125
  0.00078125  0.00078125  0.00078125  0.00078125  0.00078125  0.00078125
  0.00078125  0.00078125  0.00078125  0.00078125  0.00078125  0.00078125
  0.00078125  0.00078125  0.00078125  0.00078125  0.00078125  0.00078125
  0.00078125  0.00078125  0.00078125  0.00078125  0.00078125  0.00078125
  0.00078125  0.00078125  0.00078125  0.00078125  0.00078125  0.00078125
  0.02173387  0.00078125  0.00078125  0.00078125  0.00078125  0.00078125
  0.00078125  0.00078125  0.00078125  0.00078125  0.00078125  0.00078125
  0.00078125  0.00078125  0.00078125  0.00078125  0.00078125  0.00078125
  0.00078125  0.00078125  0.00078125  0.00078125  0.00078125  0.00434332
  0.00612591  0.00612591  0.00612591  0.00612591  0.00612591  0.00612591
  0.00612591  0.00612591  0.00434332  0.006413    0.00793123  0.00793123
  0.00793123  0.00793123  0.00793123  0.00614864  0.00296937  0.00078125
  0.06805754  0.00078125  0.00255687  0.00255687  0.00255687  0.00255687
  0.00078125  0.00078125  0.00238648  0.00238648  0.00255687  0.00078125
  0.00255687  0.00078125  0.00420195  0.00255687  0.00078125  0.00078125
  0.00078125  0.00078125  0.00078125  0.03206311  0.03206311  0.02457254
  0.0026558   0.01170496  0.00296937  0.17653783  0.00255687  0.00255687
  0.00255687  0.00255687  0.00420195  0.00255687  0.00255687  0.00238648
  0.00238648  0.00255687]
41, SUM = 0.781453 : [ 0.17459574  0.00078125  0.00078125  0.00078125  0.00078125  0.00078125
  0.00078125  0.00078125  0.00078125  0.00078125  0.00078125  0.00078125
  0.00078125  0.00078125  0.00078125  0.00078125  0.00078125  0.00078125
  0.00078125  0.00078125  0.00078125  0.00078125  0.00078125  0.00078125
  0.00078125  0.00078125  0.00078125  0.00078125  0.00078125  0.00078125
  0.00078125  0.00078125  0.00078125  0.00078125  0.00078125  0.00078125
  0.00078125  0.00078125  0.00078125  0.00078125  0.00078125  0.00078125
  0.00078125  0.00078125  0.00078125  0.00078125  0.00078125  0.00078125
  0.020936    0.00078125  0.00078125  0.00078125  0.00078125  0.00078125
  0.00078125  0.00078125  0.00078125  0.00078125  0.00078125  0.00078125
  0.00078125  0.00078125  0.00078125  0.00078125  0.00078125  0.00078125
  0.00078125  0.00078125  0.00078125  0.00078125  0.00078125  0.00448143
  0.00633307  0.00633307  0.00633307  0.00633307  0.00633307  0.00633307
  0.00633307  0.00633307  0.00448143  0.00662017  0.00820744  0.00820744
  0.00820744  0.00820744  0.00820744  0.0063558   0.00303758  0.00078125
  0.06812575  0.00078125  0.002481    0.002481    0.002481    0.002481
  0.00078125  0.00078125  0.00231004  0.00231004  0.002481    0.00078125
  0.002481    0.00078125  0.00405297  0.002481    0.00078125  0.00078125
  0.00078125  0.00078125  0.00078125  0.03325172  0.03325172  0.02548151
  0.00272569  0.01212448  0.00303758  0.17666439  0.002481    0.002481
  0.002481    0.002481    0.00405297  0.002481    0.002481    0.00231004
  0.00231004  0.002481  ]
40, SUM = 0.788433 : [ 0.17753412  0.00078125  0.00078125  0.00078125  0.00078125  0.00078125
  0.00078125  0.00078125  0.00078125  0.00078125  0.00078125  0.00078125
  0.00078125  0.00078125  0.00078125  0.00078125  0.00078125  0.00078125
  0.00078125  0.00078125  0.00078125  0.00078125  0.00078125  0.00078125
  0.00078125  0.00078125  0.00078125  0.00078125  0.00078125  0.00078125
  0.00078125  0.00078125  0.00078125  0.00078125  0.00078125  0.00078125
  0.00078125  0.00078125  0.00078125  0.00078125  0.00078125  0.00078125
  0.00078125  0.00078125  0.00078125  0.00078125  0.00078125  0.00078125
  0.02031131  0.00078125  0.00078125  0.00078125  0.00078125  0.00078125
  0.00078125  0.00078125  0.00078125  0.00078125  0.00078125  0.00078125
  0.00078125  0.00078125  0.00078125  0.00078125  0.00078125  0.00078125
  0.00078125  0.00078125  0.00078125  0.00078125  0.00078125  0.00458657
  0.00649079  0.00649079  0.00649079  0.00649079  0.00649079  0.00649079
  0.00649079  0.00649079  0.00458657  0.00677788  0.00841773  0.00841773
  0.00841773  0.00841773  0.00841773  0.00651352  0.00308951  0.00078125
  0.06819957  0.00078125  0.00242535  0.00242535  0.00242535  0.00242535
  0.00078125  0.00078125  0.00225491  0.00225491  0.00242535  0.00078125
  0.00242535  0.00078125  0.00394124  0.00242535  0.00078125  0.00078125
  0.00078125  0.00078125  0.00078125  0.03413994  0.03413994  0.02616074
  0.00277794  0.01243797  0.00308951  0.17671632  0.00242535  0.00242535
  0.00242535  0.00242535  0.00394124  0.00242535  0.00242535  0.00225491
  0.00225491  0.00242535]
39, SUM = 0.793669 : [ 0.17974285  0.00078125  0.00078125  0.00078125  0.00078125  0.00078125
  0.00078125  0.00078125  0.00078125  0.00078125  0.00078125  0.00078125
  0.00078125  0.00078125  0.00078125  0.00078125  0.00078125  0.00078125
  0.00078125  0.00078125  0.00078125  0.00078125  0.00078125  0.00078125
  0.00078125  0.00078125  0.00078125  0.00078125  0.00078125  0.00078125
  0.00078125  0.00078125  0.00078125  0.00078125  0.00078125  0.00078125
  0.00078125  0.00078125  0.00078125  0.00078125  0.00078125  0.00078125
  0.00078125  0.00078125  0.00078125  0.00078125  0.00078125  0.00078125
  0.01985265  0.00078125  0.00078125  0.00078125  0.00078125  0.00078125
  0.00078125  0.00078125  0.00078125  0.00078125  0.00078125  0.00078125
  0.00078125  0.00078125  0.00078125  0.00078125  0.00078125  0.00078125
  0.00078125  0.00078125  0.00078125  0.00078125  0.00078125  0.00466511
  0.00660859  0.00660859  0.00660859  0.00660859  0.00660859  0.00660859
  0.00660859  0.00660859  0.00466511  0.00689568  0.00857481  0.00857481
  0.00857481  0.00857481  0.00857481  0.00663133  0.00312866  0.00078125
  0.06823872  0.00078125  0.00238319  0.00238319  0.00238319  0.00238319
  0.00078125  0.00078125  0.00221266  0.00221266  0.00238319  0.00078125
  0.00238319  0.00078125  0.00385729  0.00238319  0.00078125  0.00078125
  0.00078125  0.00078125  0.00078125  0.03480959  0.03480959  0.02667283
  0.00281733  0.01267432  0.00312866  0.17676368  0.00238319  0.00238319
  0.00238319  0.00238319  0.00385729  0.00238319  0.00238319  0.00221266
  0.00221266  0.00238319]
38, SUM = 0.797595 : [ 0.18139754  0.00078125  0.00078125  0.00078125  0.00078125  0.00078125
  0.00078125  0.00078125  0.00078125  0.00078125  0.00078125  0.00078125
  0.00078125  0.00078125  0.00078125  0.00078125  0.00078125  0.00078125
  0.00078125  0.00078125  0.00078125  0.00078125  0.00078125  0.00078125
  0.00078125  0.00078125  0.00078125  0.00078125  0.00078125  0.00078125
  0.00078125  0.00078125  0.00078125  0.00078125  0.00078125  0.00078125
  0.00078125  0.00078125  0.00078125  0.00078125  0.00078125  0.00078125
  0.00078125  0.00078125  0.00078125  0.00078125  0.00078125  0.00078125
  0.01950495  0.00078125  0.00078125  0.00078125  0.00078125  0.00078125
  0.00078125  0.00078125  0.00078125  0.00078125  0.00078125  0.00078125
  0.00078125  0.00078125  0.00078125  0.00078125  0.00078125  0.00078125
  0.00078125  0.00078125  0.00078125  0.00078125  0.00078125  0.00472424
  0.00669728  0.00669728  0.00669728  0.00669728  0.00669728  0.00669728
  0.00669728  0.00669728  0.00472424  0.00698437  0.00869306  0.00869306
  0.00869306  0.00869306  0.00869306  0.00672002  0.00315813  0.00078125
  0.06827127  0.00078125  0.00235174  0.00235174  0.00235174  0.00235174
  0.00078125  0.00078125  0.00218129  0.00218129  0.00235174  0.00078125
  0.00235174  0.00078125  0.00379434  0.00235174  0.00078125  0.00078125
  0.00078125  0.00078125  0.00078125  0.03531138  0.03531138  0.02705654
  0.00284685  0.01285142  0.00315813  0.17679315  0.00235174  0.00235174
  0.00235174  0.00235174  0.00379434  0.00235174  0.00235174  0.00218129
  0.00218129  0.00235174]
37, SUM = 0.800540 : [ 0.18263925  0.00078125  0.00078125  0.00078125  0.00078125  0.00078125
  0.00078125  0.00078125  0.00078125  0.00078125  0.00078125  0.00078125
  0.00078125  0.00078125  0.00078125  0.00078125  0.00078125  0.00078125
  0.00078125  0.00078125  0.00078125  0.00078125  0.00078125  0.00078125
  0.00078125  0.00078125  0.00078125  0.00078125  0.00078125  0.00078125
  0.00078125  0.00078125  0.00078125  0.00078125  0.00078125  0.00078125
  0.00078125  0.00078125  0.00078125  0.00078125  0.00078125  0.00078125
  0.00078125  0.00078125  0.00078125  0.00078125  0.00078125  0.00078125
  0.01924557  0.00078125  0.00078125  0.00078125  0.00078125  0.00078125
  0.00078125  0.00078125  0.00078125  0.00078125  0.00078125  0.00078125
  0.00078125  0.00078125  0.00078125  0.00078125  0.00078125  0.00078125
  0.00078125  0.00078125  0.00078125  0.00078125  0.00078125  0.00476854
  0.00676373  0.00676373  0.00676373  0.00676373  0.00676373  0.00676373
  0.00676373  0.00676373  0.00476854  0.00705082  0.00878166  0.00878166
  0.00878166  0.00878166  0.00878166  0.00678647  0.00318027  0.00078125
  0.0682934   0.00078125  0.00232809  0.00232809  0.00232809  0.00232809
  0.00078125  0.00078125  0.00215763  0.00215763  0.00232809  0.00078125
  0.00232809  0.00078125  0.0037471   0.00232809  0.00078125  0.00078125
  0.00078125  0.00078125  0.00078125  0.03568821  0.03568821  0.02734471
  0.00286901  0.01298442  0.00318027  0.17681644  0.00232809  0.00232809
  0.00232809  0.00232809  0.0037471   0.00232809  0.00232809  0.00215763
  0.00215763  0.00232809]
36, SUM = 0.802749 : [ 0.18357028  0.00078125  0.00078125  0.00078125  0.00078125  0.00078125
  0.00078125  0.00078125  0.00078125  0.00078125  0.00078125  0.00078125
  0.00078125  0.00078125  0.00078125  0.00078125  0.00078125  0.00078125
  0.00078125  0.00078125  0.00078125  0.00078125  0.00078125  0.00078125
  0.00078125  0.00078125  0.00078125  0.00078125  0.00078125  0.00078125
  0.00078125  0.00078125  0.00078125  0.00078125  0.00078125  0.00078125
  0.00078125  0.00078125  0.00078125  0.00078125  0.00078125  0.00078125
  0.00078125  0.00078125  0.00078125  0.00078125  0.00078125  0.00078125
  0.01905051  0.00078125  0.00078125  0.00078125  0.00078125  0.00078125
  0.00078125  0.00078125  0.00078125  0.00078125  0.00078125  0.00078125
  0.00078125  0.00078125  0.00078125  0.00078125  0.00078125  0.00078125
  0.00078125  0.00078125  0.00078125  0.00078125  0.00078125  0.00480179
  0.00681361  0.00681361  0.00681361  0.00681361  0.00681361  0.00681361
  0.00681361  0.00681361  0.00480179  0.0071007   0.00884817  0.00884817
  0.00884817  0.00884817  0.00884817  0.00683635  0.00319688  0.00078125
  0.06831045  0.00078125  0.00231038  0.00231038  0.00231038  0.00231038
  0.00078125  0.00078125  0.00213993  0.00213993  0.00231038  0.00078125
  0.00231038  0.00078125  0.00371167  0.00231038  0.00078125  0.00078125
  0.00078125  0.00078125  0.00078125  0.03597077  0.03597077  0.02756078
  0.00288563  0.01308414  0.00319688  0.17683306  0.00231038  0.00231038
  0.00231038  0.00231038  0.00371167  0.00231038  0.00231038  0.00213993
  0.00213993  0.00231038]
35, SUM = 0.804405 : [ 0.18426864  0.00078125  0.00078125  0.00078125  0.00078125  0.00078125
  0.00078125  0.00078125  0.00078125  0.00078125  0.00078125  0.00078125
  0.00078125  0.00078125  0.00078125  0.00078125  0.00078125  0.00078125
  0.00078125  0.00078125  0.00078125  0.00078125  0.00078125  0.00078125
  0.00078125  0.00078125  0.00078125  0.00078125  0.00078125  0.00078125
  0.00078125  0.00078125  0.00078125  0.00078125  0.00078125  0.00078125
  0.00078125  0.00078125  0.00078125  0.00078125  0.00078125  0.00078125
  0.00078125  0.00078125  0.00078125  0.00078125  0.00078125  0.00078125
  0.01890442  0.00078125  0.00078125  0.00078125  0.00078125  0.00078125
  0.00078125  0.00078125  0.00078125  0.00078125  0.00078125  0.00078125
  0.00078125  0.00078125  0.00078125  0.00078125  0.00078125  0.00078125
  0.00078125  0.00078125  0.00078125  0.00078125  0.00078125  0.00482673
  0.00685101  0.00685101  0.00685101  0.00685101  0.00685101  0.00685101
  0.00685101  0.00685101  0.00482673  0.0071381   0.00889804  0.00889804
  0.00889804  0.00889804  0.00889804  0.00687375  0.00320935  0.00078125
  0.06832291  0.00078125  0.00229709  0.00229709  0.00229709  0.00229709
  0.00078125  0.00078125  0.00212664  0.00212664  0.00229709  0.00078125
  0.00229709  0.00078125  0.0036851   0.00229709  0.00078125  0.00078125
  0.00078125  0.00078125  0.00078125  0.03618275  0.03618275  0.02772289
  0.0028981   0.01315896  0.00320935  0.17684568  0.00229709  0.00229709
  0.00229709  0.00229709  0.0036851   0.00229709  0.00229709  0.00212664
  0.00212664  0.00229709]
34, SUM = 0.805648 : [ 0.18479238  0.00078125  0.00078125  0.00078125  0.00078125  0.00078125
  0.00078125  0.00078125  0.00078125  0.00078125  0.00078125  0.00078125
  0.00078125  0.00078125  0.00078125  0.00078125  0.00078125  0.00078125
  0.00078125  0.00078125  0.00078125  0.00078125  0.00078125  0.00078125
  0.00078125  0.00078125  0.00078125  0.00078125  0.00078125  0.00078125
  0.00078125  0.00078125  0.00078125  0.00078125  0.00078125  0.00078125
  0.00078125  0.00078125  0.00078125  0.00078125  0.00078125  0.00078125
  0.00078125  0.00078125  0.00078125  0.00078125  0.00078125  0.00078125
  0.01879477  0.00078125  0.00078125  0.00078125  0.00078125  0.00078125
  0.00078125  0.00078125  0.00078125  0.00078125  0.00078125  0.00078125
  0.00078125  0.00078125  0.00078125  0.00078125  0.00078125  0.00078125
  0.00078125  0.00078125  0.00078125  0.00078125  0.00078125  0.00484543
  0.00687907  0.00687907  0.00687907  0.00687907  0.00687907  0.00687907
  0.00687907  0.00687907  0.00484543  0.00716616  0.00893545  0.00893545
  0.00893545  0.00893545  0.00893545  0.00690181  0.0032187   0.00078125
  0.06833232  0.00078125  0.00228713  0.00228713  0.00228713  0.00228713
  0.00078125  0.00078125  0.00211667  0.00211667  0.00228713  0.00078125
  0.00228713  0.00078125  0.00366517  0.00228713  0.00078125  0.00078125
  0.00078125  0.00078125  0.00078125  0.03634173  0.03634173  0.02784446
  0.00290745  0.01321508  0.0032187   0.17685503  0.00228713  0.00228713
  0.00228713  0.00228713  0.00366517  0.00228713  0.00228713  0.00211667
  0.00211667  0.00228713]
33, SUM = 0.806580 : [ 0.1851852   0.00078125  0.00078125  0.00078125  0.00078125  0.00078125
  0.00078125  0.00078125  0.00078125  0.00078125  0.00078125  0.00078125
  0.00078125  0.00078125  0.00078125  0.00078125  0.00078125  0.00078125
  0.00078125  0.00078125  0.00078125  0.00078125  0.00078125  0.00078125
  0.00078125  0.00078125  0.00078125  0.00078125  0.00078125  0.00078125
  0.00078125  0.00078125  0.00078125  0.00078125  0.00078125  0.00078125
  0.00078125  0.00078125  0.00078125  0.00078125  0.00078125  0.00078125
  0.00078125  0.00078125  0.00078125  0.00078125  0.00078125  0.00078125
  0.01871256  0.00078125  0.00078125  0.00078125  0.00078125  0.00078125
  0.00078125  0.00078125  0.00078125  0.00078125  0.00078125  0.00078125
  0.00078125  0.00078125  0.00078125  0.00078125  0.00078125  0.00078125
  0.00078125  0.00078125  0.00078125  0.00078125  0.00078125  0.00485946
  0.00690011  0.00690011  0.00690011  0.00690011  0.00690011  0.00690011
  0.00690011  0.00690011  0.00485946  0.0071872   0.00896351  0.00896351
  0.00896351  0.00896351  0.00896351  0.00692285  0.00322571  0.00078125
  0.06833934  0.00078125  0.00227965  0.00227965  0.00227965  0.00227965
  0.00078125  0.00078125  0.0021092   0.0021092   0.00227965  0.00078125
  0.00227965  0.00078125  0.00365022  0.00227965  0.00078125  0.00078125
  0.00078125  0.00078125  0.00078125  0.03646098  0.03646098  0.02793565
  0.00291447  0.01325716  0.00322571  0.17686207  0.00227965  0.00227965
  0.00227965  0.00227965  0.00365022  0.00227965  0.00227965  0.0021092
  0.0021092   0.00227965]
32, SUM = 0.807278 : [ 0.18547981  0.00078125  0.00078125  0.00078125  0.00078125  0.00078125
  0.00078125  0.00078125  0.00078125  0.00078125  0.00078125  0.00078125
  0.00078125  0.00078125  0.00078125  0.00078125  0.00078125  0.00078125
  0.00078125  0.00078125  0.00078125  0.00078125  0.00078125  0.00078125
  0.00078125  0.00078125  0.00078125  0.00078125  0.00078125  0.00078125
  0.00078125  0.00078125  0.00078125  0.00078125  0.00078125  0.00078125
  0.00078125  0.00078125  0.00078125  0.00078125  0.00078125  0.00078125
  0.00078125  0.00078125  0.00078125  0.00078125  0.00078125  0.00078125
  0.0186509   0.00078125  0.00078125  0.00078125  0.00078125  0.00078125
  0.00078125  0.00078125  0.00078125  0.00078125  0.00078125  0.00078125
  0.00078125  0.00078125  0.00078125  0.00078125  0.00078125  0.00078125
  0.00078125  0.00078125  0.00078125  0.00078125  0.00078125  0.00486998
  0.0069159   0.0069159   0.0069159   0.0069159   0.0069159   0.0069159
  0.0069159   0.0069159   0.00486998  0.00720299  0.00898455  0.00898455
  0.00898455  0.00898455  0.00898455  0.00693863  0.00323097  0.00078125
  0.06834461  0.00078125  0.00227405  0.00227405  0.00227405  0.00227405
  0.00078125  0.00078125  0.00210359  0.00210359  0.00227405  0.00078125
  0.00227405  0.00078125  0.00363901  0.00227405  0.00078125  0.00078125
  0.00078125  0.00078125  0.00078125  0.03655041  0.03655041  0.02800404
  0.00291973  0.01328873  0.00323097  0.17686733  0.00227405  0.00227405
  0.00227405  0.00227405  0.00363901  0.00227405  0.00227405  0.00210359
  0.00210359  0.00227405]
31, SUM = 0.807803 : [ 0.18570077  0.00078125  0.00078125  0.00078125  0.00078125  0.00078125
  0.00078125  0.00078125  0.00078125  0.00078125  0.00078125  0.00078125
  0.00078125  0.00078125  0.00078125  0.00078125  0.00078125  0.00078125
  0.00078125  0.00078125  0.00078125  0.00078125  0.00078125  0.00078125
  0.00078125  0.00078125  0.00078125  0.00078125  0.00078125  0.00078125
  0.00078125  0.00078125  0.00078125  0.00078125  0.00078125  0.00078125
  0.00078125  0.00078125  0.00078125  0.00078125  0.00078125  0.00078125
  0.00078125  0.00078125  0.00078125  0.00078125  0.00078125  0.00078125
  0.01860465  0.00078125  0.00078125  0.00078125  0.00078125  0.00078125
  0.00078125  0.00078125  0.00078125  0.00078125  0.00078125  0.00078125
  0.00078125  0.00078125  0.00078125  0.00078125  0.00078125  0.00078125
  0.00078125  0.00078125  0.00078125  0.00078125  0.00078125  0.00487787
  0.00692773  0.00692773  0.00692773  0.00692773  0.00692773  0.00692773
  0.00692773  0.00692773  0.00487787  0.00721482  0.00900033  0.00900033
  0.00900033  0.00900033  0.00900033  0.00695047  0.00323492  0.00078125
  0.06834855  0.00078125  0.00226984  0.00226984  0.00226984  0.00226984
  0.00078125  0.00078125  0.00209939  0.00209939  0.00226984  0.00078125
  0.00226984  0.00078125  0.0036306   0.00226984  0.00078125  0.00078125
  0.00078125  0.00078125  0.00078125  0.03661749  0.03661749  0.02805533
  0.00292368  0.0133124   0.00323492  0.17687128  0.00226984  0.00226984
  0.00226984  0.00226984  0.0036306   0.00226984  0.00226984  0.00209939
  0.00209939  0.00226984]
30, SUM = 0.808196 : [ 0.18586648  0.00078125  0.00078125  0.00078125  0.00078125  0.00078125
  0.00078125  0.00078125  0.00078125  0.00078125  0.00078125  0.00078125
  0.00078125  0.00078125  0.00078125  0.00078125  0.00078125  0.00078125
  0.00078125  0.00078125  0.00078125  0.00078125  0.00078125  0.00078125
  0.00078125  0.00078125  0.00078125  0.00078125  0.00078125  0.00078125
  0.00078125  0.00078125  0.00078125  0.00078125  0.00078125  0.00078125
  0.00078125  0.00078125  0.00078125  0.00078125  0.00078125  0.00078125
  0.00078125  0.00078125  0.00078125  0.00078125  0.00078125  0.00078125
  0.01856996  0.00078125  0.00078125  0.00078125  0.00078125  0.00078125
  0.00078125  0.00078125  0.00078125  0.00078125  0.00078125  0.00078125
  0.00078125  0.00078125  0.00078125  0.00078125  0.00078125  0.00078125
  0.00078125  0.00078125  0.00078125  0.00078125  0.00078125  0.00488379
  0.00693661  0.00693661  0.00693661  0.00693661  0.00693661  0.00693661
  0.00693661  0.00693661  0.00488379  0.0072237   0.00901217  0.00901217
  0.00901217  0.00901217  0.00901217  0.00695935  0.00323788  0.00078125
  0.06835151  0.00078125  0.00226669  0.00226669  0.00226669  0.00226669
  0.00078125  0.00078125  0.00209624  0.00209624  0.00226669  0.00078125
  0.00226669  0.00078125  0.00362429  0.00226669  0.00078125  0.00078125
  0.00078125  0.00078125  0.00078125  0.0366678   0.0366678   0.0280938
  0.00292663  0.01333016  0.00323788  0.17687424  0.00226669  0.00226669
  0.00226669  0.00226669  0.00362429  0.00226669  0.00226669  0.00209624
  0.00209624  0.00226669]
29, SUM = 0.808491 : [ 0.18599077  0.00078125  0.00078125  0.00078125  0.00078125  0.00078125
  0.00078125  0.00078125  0.00078125  0.00078125  0.00078125  0.00078125
  0.00078125  0.00078125  0.00078125  0.00078125  0.00078125  0.00078125
  0.00078125  0.00078125  0.00078125  0.00078125  0.00078125  0.00078125
  0.00078125  0.00078125  0.00078125  0.00078125  0.00078125  0.00078125
  0.00078125  0.00078125  0.00078125  0.00078125  0.00078125  0.00078125
  0.00078125  0.00078125  0.00078125  0.00078125  0.00078125  0.00078125
  0.00078125  0.00078125  0.00078125  0.00078125  0.00078125  0.00078125
  0.01854395  0.00078125  0.00078125  0.00078125  0.00078125  0.00078125
  0.00078125  0.00078125  0.00078125  0.00078125  0.00078125  0.00078125
  0.00078125  0.00078125  0.00078125  0.00078125  0.00078125  0.00078125
  0.00078125  0.00078125  0.00078125  0.00078125  0.00078125  0.00488823
  0.00694327  0.00694327  0.00694327  0.00694327  0.00694327  0.00694327
  0.00694327  0.00694327  0.00488823  0.00723036  0.00902105  0.00902105
  0.00902105  0.00902105  0.00902105  0.00696601  0.00324009  0.00078125
  0.06835373  0.00078125  0.00226433  0.00226433  0.00226433  0.00226433
  0.00078125  0.00078125  0.00209387  0.00209387  0.00226433  0.00078125
  0.00226433  0.00078125  0.00361956  0.00226433  0.00078125  0.00078125
  0.00078125  0.00078125  0.00078125  0.03670553  0.03670553  0.02812266
  0.00292885  0.01334347  0.00324009  0.17687646  0.00226433  0.00226433
  0.00226433  0.00226433  0.00361956  0.00226433  0.00226433  0.00209387
  0.00209387  0.00226433]
28, SUM = 0.808712 : [ 0.18608399  0.00078125  0.00078125  0.00078125  0.00078125  0.00078125
  0.00078125  0.00078125  0.00078125  0.00078125  0.00078125  0.00078125
  0.00078125  0.00078125  0.00078125  0.00078125  0.00078125  0.00078125
  0.00078125  0.00078125  0.00078125  0.00078125  0.00078125  0.00078125
  0.00078125  0.00078125  0.00078125  0.00078125  0.00078125  0.00078125
  0.00078125  0.00078125  0.00078125  0.00078125  0.00078125  0.00078125
  0.00078125  0.00078125  0.00078125  0.00078125  0.00078125  0.00078125
  0.00078125  0.00078125  0.00078125  0.00078125  0.00078125  0.00078125
  0.01852444  0.00078125  0.00078125  0.00078125  0.00078125  0.00078125
  0.00078125  0.00078125  0.00078125  0.00078125  0.00078125  0.00078125
  0.00078125  0.00078125  0.00078125  0.00078125  0.00078125  0.00078125
  0.00078125  0.00078125  0.00078125  0.00078125  0.00078125  0.00489156
  0.00694826  0.00694826  0.00694826  0.00694826  0.00694826  0.00694826
  0.00694826  0.00694826  0.00489156  0.00723535  0.0090277   0.0090277
  0.0090277   0.0090277   0.0090277   0.006971    0.00324176  0.00078125
  0.0683554   0.00078125  0.00226255  0.00226255  0.00226255  0.00226255
  0.00078125  0.00078125  0.0020921   0.0020921   0.00226255  0.00078125
  0.00226255  0.00078125  0.00361601  0.00226255  0.00078125  0.00078125
  0.00078125  0.00078125  0.00078125  0.03673382  0.03673382  0.0281443
  0.00293052  0.01335346  0.00324176  0.17687812  0.00226255  0.00226255
  0.00226255  0.00226255  0.00361601  0.00226255  0.00226255  0.0020921
  0.0020921   0.00226255]
27, SUM = 0.808877 : [ 0.1861539   0.00078125  0.00078125  0.00078125  0.00078125  0.00078125
  0.00078125  0.00078125  0.00078125  0.00078125  0.00078125  0.00078125
  0.00078125  0.00078125  0.00078125  0.00078125  0.00078125  0.00078125
  0.00078125  0.00078125  0.00078125  0.00078125  0.00078125  0.00078125
  0.00078125  0.00078125  0.00078125  0.00078125  0.00078125  0.00078125
  0.00078125  0.00078125  0.00078125  0.00078125  0.00078125  0.00078125
  0.00078125  0.00078125  0.00078125  0.00078125  0.00078125  0.00078125
  0.00078125  0.00078125  0.00078125  0.00078125  0.00078125  0.00078125
  0.01850981  0.00078125  0.00078125  0.00078125  0.00078125  0.00078125
  0.00078125  0.00078125  0.00078125  0.00078125  0.00078125  0.00078125
  0.00078125  0.00078125  0.00078125  0.00078125  0.00078125  0.00078125
  0.00078125  0.00078125  0.00078125  0.00078125  0.00078125  0.00489406
  0.00695201  0.00695201  0.00695201  0.00695201  0.00695201  0.00695201
  0.00695201  0.00695201  0.00489406  0.0072391   0.0090327   0.0090327
  0.0090327   0.0090327   0.0090327   0.00697475  0.00324301  0.00078125
  0.06835664  0.00078125  0.00226122  0.00226122  0.00226122  0.00226122
  0.00078125  0.00078125  0.00209077  0.00209077  0.00226122  0.00078125
  0.00226122  0.00078125  0.00361335  0.00226122  0.00078125  0.00078125
  0.00078125  0.00078125  0.00078125  0.03675505  0.03675505  0.02816053
  0.00293177  0.01336095  0.00324301  0.17687937  0.00226122  0.00226122
  0.00226122  0.00226122  0.00361335  0.00226122  0.00226122  0.00209077
  0.00209077  0.00226122]
26, SUM = 0.809002 : [ 0.18620633  0.00078125  0.00078125  0.00078125  0.00078125  0.00078125
  0.00078125  0.00078125  0.00078125  0.00078125  0.00078125  0.00078125
  0.00078125  0.00078125  0.00078125  0.00078125  0.00078125  0.00078125
  0.00078125  0.00078125  0.00078125  0.00078125  0.00078125  0.00078125
  0.00078125  0.00078125  0.00078125  0.00078125  0.00078125  0.00078125
  0.00078125  0.00078125  0.00078125  0.00078125  0.00078125  0.00078125
  0.00078125  0.00078125  0.00078125  0.00078125  0.00078125  0.00078125
  0.00078125  0.00078125  0.00078125  0.00078125  0.00078125  0.00078125
  0.01849883  0.00078125  0.00078125  0.00078125  0.00078125  0.00078125
  0.00078125  0.00078125  0.00078125  0.00078125  0.00078125  0.00078125
  0.00078125  0.00078125  0.00078125  0.00078125  0.00078125  0.00078125
  0.00078125  0.00078125  0.00078125  0.00078125  0.00078125  0.00489593
  0.00695482  0.00695482  0.00695482  0.00695482  0.00695482  0.00695482
  0.00695482  0.00695482  0.00489593  0.00724191  0.00903644  0.00903644
  0.00903644  0.00903644  0.00903644  0.00697755  0.00324394  0.00078125
  0.06835758  0.00078125  0.00226022  0.00226022  0.00226022  0.00226022
  0.00078125  0.00078125  0.00208977  0.00208977  0.00226022  0.00078125
  0.00226022  0.00078125  0.00361136  0.00226022  0.00078125  0.00078125
  0.00078125  0.00078125  0.00078125  0.03677096  0.03677096  0.0281727
  0.0029327   0.01336657  0.00324394  0.17688031  0.00226022  0.00226022
  0.00226022  0.00226022  0.00361136  0.00226022  0.00226022  0.00208977
  0.00208977  0.00226022]
25, SUM = 0.809095 : [ 0.18624566  0.00078125  0.00078125  0.00078125  0.00078125  0.00078125
  0.00078125  0.00078125  0.00078125  0.00078125  0.00078125  0.00078125
  0.00078125  0.00078125  0.00078125  0.00078125  0.00078125  0.00078125
  0.00078125  0.00078125  0.00078125  0.00078125  0.00078125  0.00078125
  0.00078125  0.00078125  0.00078125  0.00078125  0.00078125  0.00078125
  0.00078125  0.00078125  0.00078125  0.00078125  0.00078125  0.00078125
  0.00078125  0.00078125  0.00078125  0.00078125  0.00078125  0.00078125
  0.00078125  0.00078125  0.00078125  0.00078125  0.00078125  0.00078125
  0.0184906   0.00078125  0.00078125  0.00078125  0.00078125  0.00078125
  0.00078125  0.00078125  0.00078125  0.00078125  0.00078125  0.00078125
  0.00078125  0.00078125  0.00078125  0.00078125  0.00078125  0.00078125
  0.00078125  0.00078125  0.00078125  0.00078125  0.00078125  0.00489733
  0.00695692  0.00695692  0.00695692  0.00695692  0.00695692  0.00695692
  0.00695692  0.00695692  0.00489733  0.00724401  0.00903925  0.00903925
  0.00903925  0.00903925  0.00903925  0.00697966  0.00324465  0.00078125
  0.06835828  0.00078125  0.00225948  0.00225948  0.00225948  0.00225948
  0.00078125  0.00078125  0.00208902  0.00208902  0.00225948  0.00078125
  0.00225948  0.00078125  0.00360986  0.00225948  0.00078125  0.00078125
  0.00078125  0.00078125  0.00078125  0.0367829   0.0367829   0.02818183
  0.00293341  0.01337078  0.00324465  0.17688101  0.00225948  0.00225948
  0.00225948  0.00225948  0.00360986  0.00225948  0.00225948  0.00208902
  0.00208902  0.00225948]
24, SUM = 0.809165 : [ 0.18627515  0.00078125  0.00078125  0.00078125  0.00078125  0.00078125
  0.00078125  0.00078125  0.00078125  0.00078125  0.00078125  0.00078125
  0.00078125  0.00078125  0.00078125  0.00078125  0.00078125  0.00078125
  0.00078125  0.00078125  0.00078125  0.00078125  0.00078125  0.00078125
  0.00078125  0.00078125  0.00078125  0.00078125  0.00078125  0.00078125
  0.00078125  0.00078125  0.00078125  0.00078125  0.00078125  0.00078125
  0.00078125  0.00078125  0.00078125  0.00078125  0.00078125  0.00078125
  0.00078125  0.00078125  0.00078125  0.00078125  0.00078125  0.00078125
  0.01848443  0.00078125  0.00078125  0.00078125  0.00078125  0.00078125
  0.00078125  0.00078125  0.00078125  0.00078125  0.00078125  0.00078125
  0.00078125  0.00078125  0.00078125  0.00078125  0.00078125  0.00078125
  0.00078125  0.00078125  0.00078125  0.00078125  0.00078125  0.00489839
  0.0069585   0.0069585   0.0069585   0.0069585   0.0069585   0.0069585
  0.0069585   0.0069585   0.00489839  0.00724559  0.00904136  0.00904136
  0.00904136  0.00904136  0.00904136  0.00698124  0.00324517  0.00078125
  0.06835881  0.00078125  0.00225892  0.00225892  0.00225892  0.00225892
  0.00078125  0.00078125  0.00208846  0.00208846  0.00225892  0.00078125
  0.00225892  0.00078125  0.00360874  0.00225892  0.00078125  0.00078125
  0.00078125  0.00078125  0.00078125  0.03679186  0.03679186  0.02818867
  0.00293393  0.01337394  0.00324517  0.17688154  0.00225892  0.00225892
  0.00225892  0.00225892  0.00360874  0.00225892  0.00225892  0.00208846
  0.00208846  0.00225892]
23, SUM = 0.809218 : [ 0.18629727  0.00078125  0.00078125  0.00078125  0.00078125  0.00078125
  0.00078125  0.00078125  0.00078125  0.00078125  0.00078125  0.00078125
  0.00078125  0.00078125  0.00078125  0.00078125  0.00078125  0.00078125
  0.00078125  0.00078125  0.00078125  0.00078125  0.00078125  0.00078125
  0.00078125  0.00078125  0.00078125  0.00078125  0.00078125  0.00078125
  0.00078125  0.00078125  0.00078125  0.00078125  0.00078125  0.00078125
  0.00078125  0.00078125  0.00078125  0.00078125  0.00078125  0.00078125
  0.00078125  0.00078125  0.00078125  0.00078125  0.00078125  0.00078125
  0.0184798   0.00078125  0.00078125  0.00078125  0.00078125  0.00078125
  0.00078125  0.00078125  0.00078125  0.00078125  0.00078125  0.00078125
  0.00078125  0.00078125  0.00078125  0.00078125  0.00078125  0.00078125
  0.00078125  0.00078125  0.00078125  0.00078125  0.00078125  0.00489918
  0.00695969  0.00695969  0.00695969  0.00695969  0.00695969  0.00695969
  0.00695969  0.00695969  0.00489918  0.00724678  0.00904294  0.00904294
  0.00904294  0.00904294  0.00904294  0.00698243  0.00324557  0.00078125
  0.0683592   0.00078125  0.00225849  0.00225849  0.00225849  0.00225849
  0.00078125  0.00078125  0.00208804  0.00208804  0.00225849  0.00078125
  0.00225849  0.00078125  0.0036079   0.00225849  0.00078125  0.00078125
  0.00078125  0.00078125  0.00078125  0.03679857  0.03679857  0.02819381
  0.00293433  0.01337631  0.00324557  0.17688193  0.00225849  0.00225849
  0.00225849  0.00225849  0.0036079   0.00225849  0.00225849  0.00208804
  0.00208804  0.00225849]
22, SUM = 0.809257 : [ 0.18631386  0.00078125  0.00078125  0.00078125  0.00078125  0.00078125
  0.00078125  0.00078125  0.00078125  0.00078125  0.00078125  0.00078125
  0.00078125  0.00078125  0.00078125  0.00078125  0.00078125  0.00078125
  0.00078125  0.00078125  0.00078125  0.00078125  0.00078125  0.00078125
  0.00078125  0.00078125  0.00078125  0.00078125  0.00078125  0.00078125
  0.00078125  0.00078125  0.00078125  0.00078125  0.00078125  0.00078125
  0.00078125  0.00078125  0.00078125  0.00078125  0.00078125  0.00078125
  0.00078125  0.00078125  0.00078125  0.00078125  0.00078125  0.00078125
  0.01847633  0.00078125  0.00078125  0.00078125  0.00078125  0.00078125
  0.00078125  0.00078125  0.00078125  0.00078125  0.00078125  0.00078125
  0.00078125  0.00078125  0.00078125  0.00078125  0.00078125  0.00078125
  0.00078125  0.00078125  0.00078125  0.00078125  0.00078125  0.00489977
  0.00696058  0.00696058  0.00696058  0.00696058  0.00696058  0.00696058
  0.00696058  0.00696058  0.00489977  0.00724767  0.00904412  0.00904412
  0.00904412  0.00904412  0.00904412  0.00698332  0.00324586  0.00078125
  0.0683595   0.00078125  0.00225818  0.00225818  0.00225818  0.00225818
  0.00078125  0.00078125  0.00208772  0.00208772  0.00225818  0.00078125
  0.00225818  0.00078125  0.00360727  0.00225818  0.00078125  0.00078125
  0.00078125  0.00078125  0.00078125  0.03680361  0.03680361  0.02819766
  0.00293462  0.01337809  0.00324586  0.17688223  0.00225818  0.00225818
  0.00225818  0.00225818  0.00360727  0.00225818  0.00225818  0.00208772
  0.00208772  0.00225818]
21, SUM = 0.809286 : [ 0.18632631  0.00078125  0.00078125  0.00078125  0.00078125  0.00078125
  0.00078125  0.00078125  0.00078125  0.00078125  0.00078125  0.00078125
  0.00078125  0.00078125  0.00078125  0.00078125  0.00078125  0.00078125
  0.00078125  0.00078125  0.00078125  0.00078125  0.00078125  0.00078125
  0.00078125  0.00078125  0.00078125  0.00078125  0.00078125  0.00078125
  0.00078125  0.00078125  0.00078125  0.00078125  0.00078125  0.00078125
  0.00078125  0.00078125  0.00078125  0.00078125  0.00078125  0.00078125
  0.00078125  0.00078125  0.00078125  0.00078125  0.00078125  0.00078125
  0.01847372  0.00078125  0.00078125  0.00078125  0.00078125  0.00078125
  0.00078125  0.00078125  0.00078125  0.00078125  0.00078125  0.00078125
  0.00078125  0.00078125  0.00078125  0.00078125  0.00078125  0.00078125
  0.00078125  0.00078125  0.00078125  0.00078125  0.00078125  0.00490021
  0.00696125  0.00696125  0.00696125  0.00696125  0.00696125  0.00696125
  0.00696125  0.00696125  0.00490021  0.00724834  0.00904501  0.00904501
  0.00904501  0.00904501  0.00904501  0.00698398  0.00324609  0.00078125
  0.06835972  0.00078125  0.00225794  0.00225794  0.00225794  0.00225794
  0.00078125  0.00078125  0.00208749  0.00208749  0.00225794  0.00078125
  0.00225794  0.00078125  0.00360679  0.00225794  0.00078125  0.00078125
  0.00078125  0.00078125  0.00078125  0.03680739  0.03680739  0.02820055
  0.00293485  0.01337942  0.00324609  0.17688245  0.00225794  0.00225794
  0.00225794  0.00225794  0.00360679  0.00225794  0.00225794  0.00208749
  0.00208749  0.00225794]
20, SUM = 0.809309 : [ 0.18633564  0.00078125  0.00078125  0.00078125  0.00078125  0.00078125
  0.00078125  0.00078125  0.00078125  0.00078125  0.00078125  0.00078125
  0.00078125  0.00078125  0.00078125  0.00078125  0.00078125  0.00078125
  0.00078125  0.00078125  0.00078125  0.00078125  0.00078125  0.00078125
  0.00078125  0.00078125  0.00078125  0.00078125  0.00078125  0.00078125
  0.00078125  0.00078125  0.00078125  0.00078125  0.00078125  0.00078125
  0.00078125  0.00078125  0.00078125  0.00078125  0.00078125  0.00078125
  0.00078125  0.00078125  0.00078125  0.00078125  0.00078125  0.00078125
  0.01847177  0.00078125  0.00078125  0.00078125  0.00078125  0.00078125
  0.00078125  0.00078125  0.00078125  0.00078125  0.00078125  0.00078125
  0.00078125  0.00078125  0.00078125  0.00078125  0.00078125  0.00078125
  0.00078125  0.00078125  0.00078125  0.00078125  0.00078125  0.00490055
  0.00696175  0.00696175  0.00696175  0.00696175  0.00696175  0.00696175
  0.00696175  0.00696175  0.00490055  0.00724883  0.00904568  0.00904568
  0.00904568  0.00904568  0.00904568  0.00698448  0.00324625  0.00078125
  0.06835989  0.00078125  0.00225776  0.00225776  0.00225776  0.00225776
  0.00078125  0.00078125  0.00208731  0.00208731  0.00225776  0.00078125
  0.00225776  0.00078125  0.00360644  0.00225776  0.00078125  0.00078125
  0.00078125  0.00078125  0.00078125  0.03681022  0.03681022  0.02820272
  0.00293501  0.01338042  0.00324625  0.17688262  0.00225776  0.00225776
  0.00225776  0.00225776  0.00360644  0.00225776  0.00225776  0.00208731
  0.00208731  0.00225776]
19, SUM = 0.809325 : [ 0.18634264  0.00078125  0.00078125  0.00078125  0.00078125  0.00078125
  0.00078125  0.00078125  0.00078125  0.00078125  0.00078125  0.00078125
  0.00078125  0.00078125  0.00078125  0.00078125  0.00078125  0.00078125
  0.00078125  0.00078125  0.00078125  0.00078125  0.00078125  0.00078125
  0.00078125  0.00078125  0.00078125  0.00078125  0.00078125  0.00078125
  0.00078125  0.00078125  0.00078125  0.00078125  0.00078125  0.00078125
  0.00078125  0.00078125  0.00078125  0.00078125  0.00078125  0.00078125
  0.00078125  0.00078125  0.00078125  0.00078125  0.00078125  0.00078125
  0.0184703   0.00078125  0.00078125  0.00078125  0.00078125  0.00078125
  0.00078125  0.00078125  0.00078125  0.00078125  0.00078125  0.00078125
  0.00078125  0.00078125  0.00078125  0.00078125  0.00078125  0.00078125
  0.00078125  0.00078125  0.00078125  0.00078125  0.00078125  0.0049008
  0.00696212  0.00696212  0.00696212  0.00696212  0.00696212  0.00696212
  0.00696212  0.00696212  0.0049008   0.00724921  0.00904618  0.00904618
  0.00904618  0.00904618  0.00904618  0.00698486  0.00324638  0.00078125
  0.06836001  0.00078125  0.00225763  0.00225763  0.00225763  0.00225763
  0.00078125  0.00078125  0.00208718  0.00208718  0.00225763  0.00078125
  0.00225763  0.00078125  0.00360617  0.00225763  0.00078125  0.00078125
  0.00078125  0.00078125  0.00078125  0.03681234  0.03681234  0.02820434
  0.00293514  0.01338117  0.00324638  0.17688274  0.00225763  0.00225763
  0.00225763  0.00225763  0.00360617  0.00225763  0.00225763  0.00208718
  0.00208718  0.00225763]
18, SUM = 0.809338 : [ 0.18634789  0.00078125  0.00078125  0.00078125  0.00078125  0.00078125
  0.00078125  0.00078125  0.00078125  0.00078125  0.00078125  0.00078125
  0.00078125  0.00078125  0.00078125  0.00078125  0.00078125  0.00078125
  0.00078125  0.00078125  0.00078125  0.00078125  0.00078125  0.00078125
  0.00078125  0.00078125  0.00078125  0.00078125  0.00078125  0.00078125
  0.00078125  0.00078125  0.00078125  0.00078125  0.00078125  0.00078125
  0.00078125  0.00078125  0.00078125  0.00078125  0.00078125  0.00078125
  0.00078125  0.00078125  0.00078125  0.00078125  0.00078125  0.00078125
  0.01846921  0.00078125  0.00078125  0.00078125  0.00078125  0.00078125
  0.00078125  0.00078125  0.00078125  0.00078125  0.00078125  0.00078125
  0.00078125  0.00078125  0.00078125  0.00078125  0.00078125  0.00078125
  0.00078125  0.00078125  0.00078125  0.00078125  0.00078125  0.00490098
  0.0069624   0.0069624   0.0069624   0.0069624   0.0069624   0.0069624
  0.0069624   0.0069624   0.00490098  0.00724949  0.00904655  0.00904655
  0.00904655  0.00904655  0.00904655  0.00698514  0.00324647  0.00078125
  0.06836011  0.00078125  0.00225753  0.00225753  0.00225753  0.00225753
  0.00078125  0.00078125  0.00208708  0.00208708  0.00225753  0.00078125
  0.00225753  0.00078125  0.00360597  0.00225753  0.00078125  0.00078125
  0.00078125  0.00078125  0.00078125  0.03681394  0.03681394  0.02820556
  0.00293523  0.01338173  0.00324647  0.17688284  0.00225753  0.00225753
  0.00225753  0.00225753  0.00360597  0.00225753  0.00225753  0.00208708
  0.00208708  0.00225753]
17, SUM = 0.809347 : [ 0.18635183  0.00078125  0.00078125  0.00078125  0.00078125  0.00078125
  0.00078125  0.00078125  0.00078125  0.00078125  0.00078125  0.00078125
  0.00078125  0.00078125  0.00078125  0.00078125  0.00078125  0.00078125
  0.00078125  0.00078125  0.00078125  0.00078125  0.00078125  0.00078125
  0.00078125  0.00078125  0.00078125  0.00078125  0.00078125  0.00078125
  0.00078125  0.00078125  0.00078125  0.00078125  0.00078125  0.00078125
  0.00078125  0.00078125  0.00078125  0.00078125  0.00078125  0.00078125
  0.00078125  0.00078125  0.00078125  0.00078125  0.00078125  0.00078125
  0.01846838  0.00078125  0.00078125  0.00078125  0.00078125  0.00078125
  0.00078125  0.00078125  0.00078125  0.00078125  0.00078125  0.00078125
  0.00078125  0.00078125  0.00078125  0.00078125  0.00078125  0.00078125
  0.00078125  0.00078125  0.00078125  0.00078125  0.00078125  0.00490112
  0.00696261  0.00696261  0.00696261  0.00696261  0.00696261  0.00696261
  0.00696261  0.00696261  0.00490112  0.0072497   0.00904684  0.00904684
  0.00904684  0.00904684  0.00904684  0.00698535  0.00324654  0.00078125
  0.06836018  0.00078125  0.00225746  0.00225746  0.00225746  0.00225746
  0.00078125  0.00078125  0.002087    0.002087    0.00225746  0.00078125
  0.00225746  0.00078125  0.00360582  0.00225746  0.00078125  0.00078125
  0.00078125  0.00078125  0.00078125  0.03681513  0.03681513  0.02820647
  0.0029353   0.01338216  0.00324654  0.17688291  0.00225746  0.00225746
  0.00225746  0.00225746  0.00360582  0.00225746  0.00225746  0.002087
  0.002087    0.00225746]
16, SUM = 0.809354 : [ 0.18635478  0.00078125  0.00078125  0.00078125  0.00078125  0.00078125
  0.00078125  0.00078125  0.00078125  0.00078125  0.00078125  0.00078125
  0.00078125  0.00078125  0.00078125  0.00078125  0.00078125  0.00078125
  0.00078125  0.00078125  0.00078125  0.00078125  0.00078125  0.00078125
  0.00078125  0.00078125  0.00078125  0.00078125  0.00078125  0.00078125
  0.00078125  0.00078125  0.00078125  0.00078125  0.00078125  0.00078125
  0.00078125  0.00078125  0.00078125  0.00078125  0.00078125  0.00078125
  0.00078125  0.00078125  0.00078125  0.00078125  0.00078125  0.00078125
  0.01846776  0.00078125  0.00078125  0.00078125  0.00078125  0.00078125
  0.00078125  0.00078125  0.00078125  0.00078125  0.00078125  0.00078125
  0.00078125  0.00078125  0.00078125  0.00078125  0.00078125  0.00078125
  0.00078125  0.00078125  0.00078125  0.00078125  0.00078125  0.00490123
  0.00696277  0.00696277  0.00696277  0.00696277  0.00696277  0.00696277
  0.00696277  0.00696277  0.00490123  0.00724986  0.00904705  0.00904705
  0.00904705  0.00904705  0.00904705  0.00698551  0.0032466   0.00078125
  0.06836023  0.00078125  0.0022574   0.0022574   0.0022574   0.0022574
  0.00078125  0.00078125  0.00208695  0.00208695  0.0022574   0.00078125
  0.0022574   0.00078125  0.00360571  0.0022574   0.00078125  0.00078125
  0.00078125  0.00078125  0.00078125  0.03681603  0.03681603  0.02820716
  0.00293535  0.01338247  0.0032466   0.17688296  0.0022574   0.0022574
  0.0022574   0.0022574   0.00360571  0.0022574   0.0022574   0.00208695
  0.00208695  0.0022574 ]
15, SUM = 0.809359 : [ 0.18635699  0.00078125  0.00078125  0.00078125  0.00078125  0.00078125
  0.00078125  0.00078125  0.00078125  0.00078125  0.00078125  0.00078125
  0.00078125  0.00078125  0.00078125  0.00078125  0.00078125  0.00078125
  0.00078125  0.00078125  0.00078125  0.00078125  0.00078125  0.00078125
  0.00078125  0.00078125  0.00078125  0.00078125  0.00078125  0.00078125
  0.00078125  0.00078125  0.00078125  0.00078125  0.00078125  0.00078125
  0.00078125  0.00078125  0.00078125  0.00078125  0.00078125  0.00078125
  0.00078125  0.00078125  0.00078125  0.00078125  0.00078125  0.00078125
  0.0184673   0.00078125  0.00078125  0.00078125  0.00078125  0.00078125
  0.00078125  0.00078125  0.00078125  0.00078125  0.00078125  0.00078125
  0.00078125  0.00078125  0.00078125  0.00078125  0.00078125  0.00078125
  0.00078125  0.00078125  0.00078125  0.00078125  0.00078125  0.00490131
  0.00696289  0.00696289  0.00696289  0.00696289  0.00696289  0.00696289
  0.00696289  0.00696289  0.00490131  0.00724998  0.0090472   0.0090472
  0.0090472   0.0090472   0.0090472   0.00698563  0.00324663  0.00078125
  0.06836027  0.00078125  0.00225736  0.00225736  0.00225736  0.00225736
  0.00078125  0.00078125  0.0020869   0.0020869   0.00225736  0.00078125
  0.00225736  0.00078125  0.00360562  0.00225736  0.00078125  0.00078125
  0.00078125  0.00078125  0.00078125  0.0368167   0.0368167   0.02820767
  0.00293539  0.01338271  0.00324663  0.176883    0.00225736  0.00225736
  0.00225736  0.00225736  0.00360562  0.00225736  0.00225736  0.0020869
  0.0020869   0.00225736]
14, SUM = 0.809363 : [ 0.18635865  0.00078125  0.00078125  0.00078125  0.00078125  0.00078125
  0.00078125  0.00078125  0.00078125  0.00078125  0.00078125  0.00078125
  0.00078125  0.00078125  0.00078125  0.00078125  0.00078125  0.00078125
  0.00078125  0.00078125  0.00078125  0.00078125  0.00078125  0.00078125
  0.00078125  0.00078125  0.00078125  0.00078125  0.00078125  0.00078125
  0.00078125  0.00078125  0.00078125  0.00078125  0.00078125  0.00078125
  0.00078125  0.00078125  0.00078125  0.00078125  0.00078125  0.00078125
  0.00078125  0.00078125  0.00078125  0.00078125  0.00078125  0.00078125
  0.01846695  0.00078125  0.00078125  0.00078125  0.00078125  0.00078125
  0.00078125  0.00078125  0.00078125  0.00078125  0.00078125  0.00078125
  0.00078125  0.00078125  0.00078125  0.00078125  0.00078125  0.00078125
  0.00078125  0.00078125  0.00078125  0.00078125  0.00078125  0.00490137
  0.00696298  0.00696298  0.00696298  0.00696298  0.00696298  0.00696298
  0.00696298  0.00696298  0.00490137  0.00725007  0.00904732  0.00904732
  0.00904732  0.00904732  0.00904732  0.00698571  0.00324666  0.00078125
  0.0683603   0.00078125  0.00225733  0.00225733  0.00225733  0.00225733
  0.00078125  0.00078125  0.00208687  0.00208687  0.00225733  0.00078125
  0.00225733  0.00078125  0.00360556  0.00225733  0.00078125  0.00078125
  0.00078125  0.00078125  0.00078125  0.0368172   0.0368172   0.02820806
  0.00293542  0.01338289  0.00324666  0.17688303  0.00225733  0.00225733
  0.00225733  0.00225733  0.00360556  0.00225733  0.00225733  0.00208687
  0.00208687  0.00225733]
13, SUM = 0.809366 : [ 0.1863599   0.00078125  0.00078125  0.00078125  0.00078125  0.00078125
  0.00078125  0.00078125  0.00078125  0.00078125  0.00078125  0.00078125
  0.00078125  0.00078125  0.00078125  0.00078125  0.00078125  0.00078125
  0.00078125  0.00078125  0.00078125  0.00078125  0.00078125  0.00078125
  0.00078125  0.00078125  0.00078125  0.00078125  0.00078125  0.00078125
  0.00078125  0.00078125  0.00078125  0.00078125  0.00078125  0.00078125
  0.00078125  0.00078125  0.00078125  0.00078125  0.00078125  0.00078125
  0.00078125  0.00078125  0.00078125  0.00078125  0.00078125  0.00078125
  0.01846669  0.00078125  0.00078125  0.00078125  0.00078125  0.00078125
  0.00078125  0.00078125  0.00078125  0.00078125  0.00078125  0.00078125
  0.00078125  0.00078125  0.00078125  0.00078125  0.00078125  0.00078125
  0.00078125  0.00078125  0.00078125  0.00078125  0.00078125  0.00490141
  0.00696304  0.00696304  0.00696304  0.00696304  0.00696304  0.00696304
  0.00696304  0.00696304  0.00490141  0.00725013  0.00904741  0.00904741
  0.00904741  0.00904741  0.00904741  0.00698578  0.00324669  0.00078125
  0.06836032  0.00078125  0.0022573   0.0022573   0.0022573   0.0022573
  0.00078125  0.00078125  0.00208685  0.00208685  0.0022573   0.00078125
  0.0022573   0.00078125  0.00360551  0.0022573   0.00078125  0.00078125
  0.00078125  0.00078125  0.00078125  0.03681758  0.03681758  0.02820835
  0.00293545  0.01338302  0.00324669  0.17688305  0.0022573   0.0022573
  0.0022573   0.0022573   0.00360551  0.0022573   0.0022573   0.00208685
  0.00208685  0.0022573 ]
12, SUM = 0.809368 : [ 0.18636083  0.00078125  0.00078125  0.00078125  0.00078125  0.00078125
  0.00078125  0.00078125  0.00078125  0.00078125  0.00078125  0.00078125
  0.00078125  0.00078125  0.00078125  0.00078125  0.00078125  0.00078125
  0.00078125  0.00078125  0.00078125  0.00078125  0.00078125  0.00078125
  0.00078125  0.00078125  0.00078125  0.00078125  0.00078125  0.00078125
  0.00078125  0.00078125  0.00078125  0.00078125  0.00078125  0.00078125
  0.00078125  0.00078125  0.00078125  0.00078125  0.00078125  0.00078125
  0.00078125  0.00078125  0.00078125  0.00078125  0.00078125  0.00078125
  0.0184665   0.00078125  0.00078125  0.00078125  0.00078125  0.00078125
  0.00078125  0.00078125  0.00078125  0.00078125  0.00078125  0.00078125
  0.00078125  0.00078125  0.00078125  0.00078125  0.00078125  0.00078125
  0.00078125  0.00078125  0.00078125  0.00078125  0.00078125  0.00490145
  0.00696309  0.00696309  0.00696309  0.00696309  0.00696309  0.00696309
  0.00696309  0.00696309  0.00490145  0.00725018  0.00904748  0.00904748
  0.00904748  0.00904748  0.00904748  0.00698583  0.0032467   0.00078125
  0.06836034  0.00078125  0.00225728  0.00225728  0.00225728  0.00225728
  0.00078125  0.00078125  0.00208683  0.00208683  0.00225728  0.00078125
  0.00225728  0.00078125  0.00360548  0.00225728  0.00078125  0.00078125
  0.00078125  0.00078125  0.00078125  0.03681787  0.03681787  0.02820856
  0.00293546  0.01338312  0.0032467   0.17688307  0.00225728  0.00225728
  0.00225728  0.00225728  0.00360548  0.00225728  0.00225728  0.00208683
  0.00208683  0.00225728]
11, SUM = 0.809370 : [ 0.18636153  0.00078125  0.00078125  0.00078125  0.00078125  0.00078125
  0.00078125  0.00078125  0.00078125  0.00078125  0.00078125  0.00078125
  0.00078125  0.00078125  0.00078125  0.00078125  0.00078125  0.00078125
  0.00078125  0.00078125  0.00078125  0.00078125  0.00078125  0.00078125
  0.00078125  0.00078125  0.00078125  0.00078125  0.00078125  0.00078125
  0.00078125  0.00078125  0.00078125  0.00078125  0.00078125  0.00078125
  0.00078125  0.00078125  0.00078125  0.00078125  0.00078125  0.00078125
  0.00078125  0.00078125  0.00078125  0.00078125  0.00078125  0.00078125
  0.01846635  0.00078125  0.00078125  0.00078125  0.00078125  0.00078125
  0.00078125  0.00078125  0.00078125  0.00078125  0.00078125  0.00078125
  0.00078125  0.00078125  0.00078125  0.00078125  0.00078125  0.00078125
  0.00078125  0.00078125  0.00078125  0.00078125  0.00078125  0.00490147
  0.00696313  0.00696313  0.00696313  0.00696313  0.00696313  0.00696313
  0.00696313  0.00696313  0.00490147  0.00725022  0.00904753  0.00904753
  0.00904753  0.00904753  0.00904753  0.00698587  0.00324672  0.00078125
  0.06836035  0.00078125  0.00225727  0.00225727  0.00225727  0.00225727
  0.00078125  0.00078125  0.00208682  0.00208682  0.00225727  0.00078125
  0.00225727  0.00078125  0.00360545  0.00225727  0.00078125  0.00078125
  0.00078125  0.00078125  0.00078125  0.03681808  0.03681808  0.02820873
  0.00293548  0.0133832   0.00324672  0.17688308  0.00225727  0.00225727
  0.00225727  0.00225727  0.00360545  0.00225727  0.00225727  0.00208682
  0.00208682  0.00225727]
10, SUM = 0.809371 : [ 0.18636206  0.00078125  0.00078125  0.00078125  0.00078125  0.00078125
  0.00078125  0.00078125  0.00078125  0.00078125  0.00078125  0.00078125
  0.00078125  0.00078125  0.00078125  0.00078125  0.00078125  0.00078125
  0.00078125  0.00078125  0.00078125  0.00078125  0.00078125  0.00078125
  0.00078125  0.00078125  0.00078125  0.00078125  0.00078125  0.00078125
  0.00078125  0.00078125  0.00078125  0.00078125  0.00078125  0.00078125
  0.00078125  0.00078125  0.00078125  0.00078125  0.00078125  0.00078125
  0.00078125  0.00078125  0.00078125  0.00078125  0.00078125  0.00078125
  0.01846624  0.00078125  0.00078125  0.00078125  0.00078125  0.00078125
  0.00078125  0.00078125  0.00078125  0.00078125  0.00078125  0.00078125
  0.00078125  0.00078125  0.00078125  0.00078125  0.00078125  0.00078125
  0.00078125  0.00078125  0.00078125  0.00078125  0.00078125  0.00490149
  0.00696316  0.00696316  0.00696316  0.00696316  0.00696316  0.00696316
  0.00696316  0.00696316  0.00490149  0.00725025  0.00904757  0.00904757
  0.00904757  0.00904757  0.00904757  0.0069859   0.00324673  0.00078125
  0.06836036  0.00078125  0.00225726  0.00225726  0.00225726  0.00225726
  0.00078125  0.00078125  0.00208681  0.00208681  0.00225726  0.00078125
  0.00225726  0.00078125  0.00360543  0.00225726  0.00078125  0.00078125
  0.00078125  0.00078125  0.00078125  0.03681824  0.03681824  0.02820885
  0.00293548  0.01338325  0.00324673  0.17688309  0.00225726  0.00225726
  0.00225726  0.00225726  0.00360543  0.00225726  0.00225726  0.00208681
  0.00208681  0.00225726]
9, SUM = 0.809372 : [ 0.18636245  0.00078125  0.00078125  0.00078125  0.00078125  0.00078125
  0.00078125  0.00078125  0.00078125  0.00078125  0.00078125  0.00078125
  0.00078125  0.00078125  0.00078125  0.00078125  0.00078125  0.00078125
  0.00078125  0.00078125  0.00078125  0.00078125  0.00078125  0.00078125
  0.00078125  0.00078125  0.00078125  0.00078125  0.00078125  0.00078125
  0.00078125  0.00078125  0.00078125  0.00078125  0.00078125  0.00078125
  0.00078125  0.00078125  0.00078125  0.00078125  0.00078125  0.00078125
  0.00078125  0.00078125  0.00078125  0.00078125  0.00078125  0.00078125
  0.01846616  0.00078125  0.00078125  0.00078125  0.00078125  0.00078125
  0.00078125  0.00078125  0.00078125  0.00078125  0.00078125  0.00078125
  0.00078125  0.00078125  0.00078125  0.00078125  0.00078125  0.00078125
  0.00078125  0.00078125  0.00078125  0.00078125  0.00078125  0.0049015
  0.00696318  0.00696318  0.00696318  0.00696318  0.00696318  0.00696318
  0.00696318  0.00696318  0.0049015   0.00725027  0.0090476   0.0090476
  0.0090476   0.0090476   0.0090476   0.00698592  0.00324673  0.00078125
  0.06836037  0.00078125  0.00225725  0.00225725  0.00225725  0.00225725
  0.00078125  0.00078125  0.0020868   0.0020868   0.00225725  0.00078125
  0.00225725  0.00078125  0.00360542  0.00225725  0.00078125  0.00078125
  0.00078125  0.00078125  0.00078125  0.03681836  0.03681836  0.02820894
  0.00293549  0.0133833   0.00324673  0.1768831   0.00225725  0.00225725
  0.00225725  0.00225725  0.00360542  0.00225725  0.00225725  0.0020868
  0.0020868   0.00225725]
8, SUM = 0.809373 : [ 0.18636275  0.00078125  0.00078125  0.00078125  0.00078125  0.00078125
  0.00078125  0.00078125  0.00078125  0.00078125  0.00078125  0.00078125
  0.00078125  0.00078125  0.00078125  0.00078125  0.00078125  0.00078125
  0.00078125  0.00078125  0.00078125  0.00078125  0.00078125  0.00078125
  0.00078125  0.00078125  0.00078125  0.00078125  0.00078125  0.00078125
  0.00078125  0.00078125  0.00078125  0.00078125  0.00078125  0.00078125
  0.00078125  0.00078125  0.00078125  0.00078125  0.00078125  0.00078125
  0.00078125  0.00078125  0.00078125  0.00078125  0.00078125  0.00078125
  0.01846609  0.00078125  0.00078125  0.00078125  0.00078125  0.00078125
  0.00078125  0.00078125  0.00078125  0.00078125  0.00078125  0.00078125
  0.00078125  0.00078125  0.00078125  0.00078125  0.00078125  0.00078125
  0.00078125  0.00078125  0.00078125  0.00078125  0.00078125  0.00490152
  0.0069632   0.0069632   0.0069632   0.0069632   0.0069632   0.0069632
  0.0069632   0.0069632   0.00490152  0.00725029  0.00904762  0.00904762
  0.00904762  0.00904762  0.00904762  0.00698593  0.00324674  0.00078125
  0.06836037  0.00078125  0.00225725  0.00225725  0.00225725  0.00225725
  0.00078125  0.00078125  0.00208679  0.00208679  0.00225725  0.00078125
  0.00225725  0.00078125  0.00360541  0.00225725  0.00078125  0.00078125
  0.00078125  0.00078125  0.00078125  0.03681845  0.03681845  0.02820901
  0.0029355   0.01338333  0.00324674  0.1768831   0.00225725  0.00225725
  0.00225725  0.00225725  0.00360541  0.00225725  0.00225725  0.00208679
  0.00208679  0.00225725]
7, SUM = 0.809373 : [ 0.18636297  0.00078125  0.00078125  0.00078125  0.00078125  0.00078125
  0.00078125  0.00078125  0.00078125  0.00078125  0.00078125  0.00078125
  0.00078125  0.00078125  0.00078125  0.00078125  0.00078125  0.00078125
  0.00078125  0.00078125  0.00078125  0.00078125  0.00078125  0.00078125
  0.00078125  0.00078125  0.00078125  0.00078125  0.00078125  0.00078125
  0.00078125  0.00078125  0.00078125  0.00078125  0.00078125  0.00078125
  0.00078125  0.00078125  0.00078125  0.00078125  0.00078125  0.00078125
  0.00078125  0.00078125  0.00078125  0.00078125  0.00078125  0.00078125
  0.01846605  0.00078125  0.00078125  0.00078125  0.00078125  0.00078125
  0.00078125  0.00078125  0.00078125  0.00078125  0.00078125  0.00078125
  0.00078125  0.00078125  0.00078125  0.00078125  0.00078125  0.00078125
  0.00078125  0.00078125  0.00078125  0.00078125  0.00078125  0.00490152
  0.00696321  0.00696321  0.00696321  0.00696321  0.00696321  0.00696321
  0.00696321  0.00696321  0.00490152  0.0072503   0.00904763  0.00904763
  0.00904763  0.00904763  0.00904763  0.00698595  0.00324674  0.00078125
  0.06836038  0.00078125  0.00225724  0.00225724  0.00225724  0.00225724
  0.00078125  0.00078125  0.00208679  0.00208679  0.00225724  0.00078125
  0.00225724  0.00078125  0.0036054   0.00225724  0.00078125  0.00078125
  0.00078125  0.00078125  0.00078125  0.03681852  0.03681852  0.02820906
  0.0029355   0.01338335  0.00324674  0.17688311  0.00225724  0.00225724
  0.00225724  0.00225724  0.0036054   0.00225724  0.00225724  0.00208679
  0.00208679  0.00225724]
6, SUM = 0.809374 : [ 0.18636314  0.00078125  0.00078125  0.00078125  0.00078125  0.00078125
  0.00078125  0.00078125  0.00078125  0.00078125  0.00078125  0.00078125
  0.00078125  0.00078125  0.00078125  0.00078125  0.00078125  0.00078125
  0.00078125  0.00078125  0.00078125  0.00078125  0.00078125  0.00078125
  0.00078125  0.00078125  0.00078125  0.00078125  0.00078125  0.00078125
  0.00078125  0.00078125  0.00078125  0.00078125  0.00078125  0.00078125
  0.00078125  0.00078125  0.00078125  0.00078125  0.00078125  0.00078125
  0.00078125  0.00078125  0.00078125  0.00078125  0.00078125  0.00078125
  0.01846601  0.00078125  0.00078125  0.00078125  0.00078125  0.00078125
  0.00078125  0.00078125  0.00078125  0.00078125  0.00078125  0.00078125
  0.00078125  0.00078125  0.00078125  0.00078125  0.00078125  0.00078125
  0.00078125  0.00078125  0.00078125  0.00078125  0.00078125  0.00490153
  0.00696322  0.00696322  0.00696322  0.00696322  0.00696322  0.00696322
  0.00696322  0.00696322  0.00490153  0.00725031  0.00904764  0.00904764
  0.00904764  0.00904764  0.00904764  0.00698595  0.00324674  0.00078125
  0.06836038  0.00078125  0.00225724  0.00225724  0.00225724  0.00225724
  0.00078125  0.00078125  0.00208679  0.00208679  0.00225724  0.00078125
  0.00225724  0.00078125  0.00360539  0.00225724  0.00078125  0.00078125
  0.00078125  0.00078125  0.00078125  0.03681857  0.03681857  0.0282091
  0.0029355   0.01338337  0.00324674  0.17688311  0.00225724  0.00225724
  0.00225724  0.00225724  0.00360539  0.00225724  0.00225724  0.00208679
  0.00208679  0.00225724]
5, SUM = 0.809374 : [ 0.18636326  0.00078125  0.00078125  0.00078125  0.00078125  0.00078125
  0.00078125  0.00078125  0.00078125  0.00078125  0.00078125  0.00078125
  0.00078125  0.00078125  0.00078125  0.00078125  0.00078125  0.00078125
  0.00078125  0.00078125  0.00078125  0.00078125  0.00078125  0.00078125
  0.00078125  0.00078125  0.00078125  0.00078125  0.00078125  0.00078125
  0.00078125  0.00078125  0.00078125  0.00078125  0.00078125  0.00078125
  0.00078125  0.00078125  0.00078125  0.00078125  0.00078125  0.00078125
  0.00078125  0.00078125  0.00078125  0.00078125  0.00078125  0.00078125
  0.01846599  0.00078125  0.00078125  0.00078125  0.00078125  0.00078125
  0.00078125  0.00078125  0.00078125  0.00078125  0.00078125  0.00078125
  0.00078125  0.00078125  0.00078125  0.00078125  0.00078125  0.00078125
  0.00078125  0.00078125  0.00078125  0.00078125  0.00078125  0.00490153
  0.00696322  0.00696322  0.00696322  0.00696322  0.00696322  0.00696322
  0.00696322  0.00696322  0.00490153  0.00725031  0.00904765  0.00904765
  0.00904765  0.00904765  0.00904765  0.00698596  0.00324675  0.00078125
  0.06836038  0.00078125  0.00225724  0.00225724  0.00225724  0.00225724
  0.00078125  0.00078125  0.00208678  0.00208678  0.00225724  0.00078125
  0.00225724  0.00078125  0.00360539  0.00225724  0.00078125  0.00078125
  0.00078125  0.00078125  0.00078125  0.0368186   0.0368186   0.02820913
  0.00293551  0.01338338  0.00324675  0.17688311  0.00225724  0.00225724
  0.00225724  0.00225724  0.00360539  0.00225724  0.00225724  0.00208678
  0.00208678  0.00225724]
4, SUM = 0.809374 : [ 0.18636336  0.00078125  0.00078125  0.00078125  0.00078125  0.00078125
  0.00078125  0.00078125  0.00078125  0.00078125  0.00078125  0.00078125
  0.00078125  0.00078125  0.00078125  0.00078125  0.00078125  0.00078125
  0.00078125  0.00078125  0.00078125  0.00078125  0.00078125  0.00078125
  0.00078125  0.00078125  0.00078125  0.00078125  0.00078125  0.00078125
  0.00078125  0.00078125  0.00078125  0.00078125  0.00078125  0.00078125
  0.00078125  0.00078125  0.00078125  0.00078125  0.00078125  0.00078125
  0.00078125  0.00078125  0.00078125  0.00078125  0.00078125  0.00078125
  0.01846597  0.00078125  0.00078125  0.00078125  0.00078125  0.00078125
  0.00078125  0.00078125  0.00078125  0.00078125  0.00078125  0.00078125
  0.00078125  0.00078125  0.00078125  0.00078125  0.00078125  0.00078125
  0.00078125  0.00078125  0.00078125  0.00078125  0.00078125  0.00490154
  0.00696323  0.00696323  0.00696323  0.00696323  0.00696323  0.00696323
  0.00696323  0.00696323  0.00490154  0.00725032  0.00904766  0.00904766
  0.00904766  0.00904766  0.00904766  0.00698597  0.00324675  0.00078125
  0.06836038  0.00078125  0.00225724  0.00225724  0.00225724  0.00225724
  0.00078125  0.00078125  0.00208678  0.00208678  0.00225724  0.00078125
  0.00225724  0.00078125  0.00360538  0.00225724  0.00078125  0.00078125
  0.00078125  0.00078125  0.00078125  0.03681863  0.03681863  0.02820915
  0.00293551  0.01338339  0.00324675  0.17688311  0.00225724  0.00225724
  0.00225724  0.00225724  0.00360538  0.00225724  0.00225724  0.00208678
  0.00208678  0.00225724]
3, SUM = 0.809375 : [ 0.18636343  0.00078125  0.00078125  0.00078125  0.00078125  0.00078125
  0.00078125  0.00078125  0.00078125  0.00078125  0.00078125  0.00078125
  0.00078125  0.00078125  0.00078125  0.00078125  0.00078125  0.00078125
  0.00078125  0.00078125  0.00078125  0.00078125  0.00078125  0.00078125
  0.00078125  0.00078125  0.00078125  0.00078125  0.00078125  0.00078125
  0.00078125  0.00078125  0.00078125  0.00078125  0.00078125  0.00078125
  0.00078125  0.00078125  0.00078125  0.00078125  0.00078125  0.00078125
  0.00078125  0.00078125  0.00078125  0.00078125  0.00078125  0.00078125
  0.01846595  0.00078125  0.00078125  0.00078125  0.00078125  0.00078125
  0.00078125  0.00078125  0.00078125  0.00078125  0.00078125  0.00078125
  0.00078125  0.00078125  0.00078125  0.00078125  0.00078125  0.00078125
  0.00078125  0.00078125  0.00078125  0.00078125  0.00078125  0.00490154
  0.00696323  0.00696323  0.00696323  0.00696323  0.00696323  0.00696323
  0.00696323  0.00696323  0.00490154  0.00725032  0.00904766  0.00904766
  0.00904766  0.00904766  0.00904766  0.00698597  0.00324675  0.00078125
  0.06836039  0.00078125  0.00225724  0.00225724  0.00225724  0.00225724
  0.00078125  0.00078125  0.00208678  0.00208678  0.00225724  0.00078125
  0.00225724  0.00078125  0.00360538  0.00225724  0.00078125  0.00078125
  0.00078125  0.00078125  0.00078125  0.03681865  0.03681865  0.02820917
  0.00293551  0.0133834   0.00324675  0.17688311  0.00225724  0.00225724
  0.00225724  0.00225724  0.00360538  0.00225724  0.00225724  0.00208678
  0.00208678  0.00225724]
2, SUM = 0.809375 : [ 0.18636348  0.00078125  0.00078125  0.00078125  0.00078125  0.00078125
  0.00078125  0.00078125  0.00078125  0.00078125  0.00078125  0.00078125
  0.00078125  0.00078125  0.00078125  0.00078125  0.00078125  0.00078125
  0.00078125  0.00078125  0.00078125  0.00078125  0.00078125  0.00078125
  0.00078125  0.00078125  0.00078125  0.00078125  0.00078125  0.00078125
  0.00078125  0.00078125  0.00078125  0.00078125  0.00078125  0.00078125
  0.00078125  0.00078125  0.00078125  0.00078125  0.00078125  0.00078125
  0.00078125  0.00078125  0.00078125  0.00078125  0.00078125  0.00078125
  0.01846594  0.00078125  0.00078125  0.00078125  0.00078125  0.00078125
  0.00078125  0.00078125  0.00078125  0.00078125  0.00078125  0.00078125
  0.00078125  0.00078125  0.00078125  0.00078125  0.00078125  0.00078125
  0.00078125  0.00078125  0.00078125  0.00078125  0.00078125  0.00490154
  0.00696324  0.00696324  0.00696324  0.00696324  0.00696324  0.00696324
  0.00696324  0.00696324  0.00490154  0.00725033  0.00904767  0.00904767
  0.00904767  0.00904767  0.00904767  0.00698597  0.00324675  0.00078125
  0.06836039  0.00078125  0.00225723  0.00225723  0.00225723  0.00225723
  0.00078125  0.00078125  0.00208678  0.00208678  0.00225723  0.00078125
  0.00225723  0.00078125  0.00360538  0.00225723  0.00078125  0.00078125
  0.00078125  0.00078125  0.00078125  0.03681867  0.03681867  0.02820918
  0.00293551  0.01338341  0.00324675  0.17688311  0.00225723  0.00225723
  0.00225723  0.00225723  0.00360538  0.00225723  0.00225723  0.00208678
  0.00208678  0.00225723]
1, SUM = 0.809375 : [ 0.18636352  0.00078125  0.00078125  0.00078125  0.00078125  0.00078125
  0.00078125  0.00078125  0.00078125  0.00078125  0.00078125  0.00078125
  0.00078125  0.00078125  0.00078125  0.00078125  0.00078125  0.00078125
  0.00078125  0.00078125  0.00078125  0.00078125  0.00078125  0.00078125
  0.00078125  0.00078125  0.00078125  0.00078125  0.00078125  0.00078125
  0.00078125  0.00078125  0.00078125  0.00078125  0.00078125  0.00078125
  0.00078125  0.00078125  0.00078125  0.00078125  0.00078125  0.00078125
  0.00078125  0.00078125  0.00078125  0.00078125  0.00078125  0.00078125
  0.01846593  0.00078125  0.00078125  0.00078125  0.00078125  0.00078125
  0.00078125  0.00078125  0.00078125  0.00078125  0.00078125  0.00078125
  0.00078125  0.00078125  0.00078125  0.00078125  0.00078125  0.00078125
  0.00078125  0.00078125  0.00078125  0.00078125  0.00078125  0.00490154
  0.00696324  0.00696324  0.00696324  0.00696324  0.00696324  0.00696324
  0.00696324  0.00696324  0.00490154  0.00725033  0.00904767  0.00904767
  0.00904767  0.00904767  0.00904767  0.00698598  0.00324675  0.00078125
  0.06836039  0.00078125  0.00225723  0.00225723  0.00225723  0.00225723
  0.00078125  0.00078125  0.00208678  0.00208678  0.00225723  0.00078125
  0.00225723  0.00078125  0.00360538  0.00225723  0.00078125  0.00078125
  0.00078125  0.00078125  0.00078125  0.03681868  0.03681868  0.02820919
  0.00293551  0.01338341  0.00324675  0.17688311  0.00225723  0.00225723
  0.00225723  0.00225723  0.00360538  0.00225723  0.00225723  0.00208678
  0.00208678  0.00225723]
0, SUM = 0.809375 : [ 0.18636355  0.00078125  0.00078125  0.00078125  0.00078125  0.00078125
  0.00078125  0.00078125  0.00078125  0.00078125  0.00078125  0.00078125
  0.00078125  0.00078125  0.00078125  0.00078125  0.00078125  0.00078125
  0.00078125  0.00078125  0.00078125  0.00078125  0.00078125  0.00078125
  0.00078125  0.00078125  0.00078125  0.00078125  0.00078125  0.00078125
  0.00078125  0.00078125  0.00078125  0.00078125  0.00078125  0.00078125
  0.00078125  0.00078125  0.00078125  0.00078125  0.00078125  0.00078125
  0.00078125  0.00078125  0.00078125  0.00078125  0.00078125  0.00078125
  0.01846593  0.00078125  0.00078125  0.00078125  0.00078125  0.00078125
  0.00078125  0.00078125  0.00078125  0.00078125  0.00078125  0.00078125
  0.00078125  0.00078125  0.00078125  0.00078125  0.00078125  0.00078125
  0.00078125  0.00078125  0.00078125  0.00078125  0.00078125  0.00490154
  0.00696324  0.00696324  0.00696324  0.00696324  0.00696324  0.00696324
  0.00696324  0.00696324  0.00490154  0.00725033  0.00904767  0.00904767
  0.00904767  0.00904767  0.00904767  0.00698598  0.00324675  0.00078125
  0.06836039  0.00078125  0.00225723  0.00225723  0.00225723  0.00225723
  0.00078125  0.00078125  0.00208678  0.00208678  0.00225723  0.00078125
  0.00225723  0.00078125  0.00360538  0.00225723  0.00078125  0.00078125
  0.00078125  0.00078125  0.00078125  0.03681869  0.03681869  0.02820919
  0.00293551  0.01338341  0.00324675  0.17688312  0.00225723  0.00225723
  0.00225723  0.00225723  0.00360538  0.00225723  0.00225723  0.00208678
  0.00208678  0.00225723]
